# id	file_path	transparent_color_r	g	b
[TEXTURES]
0	textures\mario.png	255	255	255
20	textures\tiles.png	176	224	248
30	textures\tile.png	176	224	248
40	textures\misc.png	176	224	248


# id	left	top	right	bottom	texture_id
[SPRITES]
# BIG MARIO 
# idle right
10001	246	154	260	181	0
# walk
10002	275	154	290	181	0		
10003	304	154	321	181	0
# idle left
10011	186	154	200	181	0
#walk
10012	155	154	170	181	0
10013	125	154	140	181	0
# die 
10099	215	120	231	135	0
# SMALL MARIO
# idle small right
10021	247	0	259	15	0
# walk
10022	275	0	291	15	0
10023	306	0	320	15	0
# idle small left
10031	187	0	198	15	0
# walk
10032	155	0	170	15	0
10033	125	0	139	15	0

# UPPER CENTER GROUND BRICK
40000	18	1	34	17	20
# LOWER CENTER GROUND BRICK
40001	18	18	34	34	20
# UPPER LEFT GROUND BRICK
40002	1	1	17	17	20
# UPPER RIGHT GROUND BRICK
40003	35	1	51	17	20
# LOWER LEFT GROUND BRICK
40004	1	18	17	34	20
# LOWER RIGHT GROUND BRICK
40005	35	18	51	34	20
#brick with question mark animation
40006	120	52	136	68	20
40007	137	52	153	68	20
40008	154	52	170	68	20
40009	171	52	187	68	20
#SOLID BRICK
40010	1	52	17	68	20
# UPPER LEFT PLANT
50000	138	0	153	17	30
#UPPER RIGHT PLANT
50001	154	1	169	17	30
# CENTER PLANT
50002	137	18	153	34	30
# LOWER LEFT PLANT
50004	137	35	153	51	30
# LOWER RIGHT PLANT
50005	154	35	170	51	30
	

# ani_id	sprite1_id	time1	sprite2_id	time2	...
[ANIMATIONS]
# ==== MARIO =========
#idle BIG right
400	10001	100
#idle BIG left
401	10011	100
#idle small right
402	10021	100
#idle small left
403	10031	100
#walk right big
500	10001	100	10002	100	10003	100
#walk left big
501	10011	100	10012	100	10013	100
#walk right small
502	10021	100	10022	100	10023	100
#walk left small
503	10031	100	10032	100	10033	100
#die9:41 AM 21-Oct-20
599	10099	100

# ==== UPPER CENTER GROUND BRICK =========
600	40000	100
# ==== LOWER CENTER GROUND BRICK =========
601	40001	100
# ==== UPPER LEFT GROUND BRICK =========
602	40002	100
# ==== UPPER RIGHT GROUND BRICK =========
603	40003	100
# ==== LOWER LEFT GROUND BRICK =========
604	40004	100
# ==== LOWER RIGHT GROUND BRICK =========
605	40005	100
# ==== QUESTION MARK BRICK =========
606	40006	1000	40006	100	40007	100	40008	100	40009	100
# ==== SOLID BRICK =========
607	40010	100


# ==== UPPER LEFT PLANT =========
700	50000	100

# ==== UPPER RIGHT PLANT =========
701	50001	100
# ==== CENTER PLANT =========
702	50002	100

# ==== LOWER LEFT PLANT =========
703	50004	100

# ==== LOWER LEFT PLANT =========
704	50005	100


#
# id	ani1	ani2	ani3
#
[ANIMATION_SETS]
# MARIO
1	400	401	402	403	500	501	502	503	599
# UPPER CENTER GROUND BRICK
20	600
# LOWER CENTER GROUND BRICK
21	601
# UPPER LEFT GROUND BRICK
22	602
# UPPER RIGHT GROUND BRICK
23	603
# LOWER LEFT GROUND BRICK
24	604
# LOWER RIGHT GROUND BRICK
25	605
# QUESTION MARK BRICK 
26	606
# SOLID BRICK
27	607
# UPPER LEFT PLANT
70	700
# UPPER RIGHT PLANT
71	701
# CENTER PLANT
72	702
# LOWER LEFT PLANT
73	703
# LOWER RIGHT PLANT
74	704	
[OBJECTS]
# type	x	y	ani_set_id	extra_settings per object type
# type: 0 = Mario , 1 = Brick, 2 = Goomba, 3 = Koopas, 4 = GameObject
# MARIO
0	17	-50	1

# BRICK 
# ---- ground brick 1 ----
1	0	-16	22
1	16	-16	20
1	32	-16	20
1	48	-16	20
1	64	-16	20
1	80	-16	20
1	96	-16	20
1	112	-16	20
1	128	-16	20
1	144	-16	20
1	160	-16	20
1	176	-16	20
1	192	-16	20
1	208	-16	20
1	224	-16	20
1	240	-16	20
1	256	-16	20
1	272	-16	20
1	288	-16	20
1	304	-16	20
1	320	-16	20
1	336	-16	20
1	352	-16	20
1	368	-16	20
1	384	-16	20
1	400	-16	20
1	416	-16	20
1	432	-16	20
1	448	-16	20
1	464	-16	20
1	480	-16	20
1	496	-16	20
1	512	-16	20
1	528	-16	20
1	544	-16	20
1	560	-16	20
1	576	-16	20
1	592	-16	20
1	608	-16	23
# ---- ground brick 2 ----
1	624	-16	24
1	640	-16	21
1	656	-16	21
1	672	-16	21
1	688	-16	21
1	704	-16	21
1	720	-16	21
1	736	-16	21
1	752	-16	21
1	768	-16	21
1	784	-16	21
1	800	-16	21
1	816	-16	21
1	832	-16	21
1	848	-16	21
1	864	-16	21
1	880	-16	21
1	896	-16	21
1	912	-16	21
1	928	-16	21
1	944	-16	21
1	960	-16	21
1	976	-16	21
1	992	-16	21
1	1008	-16	21
1	1024	-16	21
1	1040	-16	21
1	1056	-16	21
1	1072	-16	21
1	1088	-16	25
# ---- ground brick 3 ----
1	624	-32	22
1	640	-32	20
1	656	-32	20
1	672	-32	20
1	688	-32	20
1	704	-32	20
1	720	-32	20
1	736	-32	20
1	752	-32	20
1	768	-32	20
1	784	-32	20
1	800	-32	20
1	816	-32	20
1	832	-32	20
1	848	-32	20
1	864	-32	20
1	880	-32	20
1	896	-32	20
1	912	-32	20
1	928	-32	20
1	944	-32	20
1	960	-32	20
1	976	-32	20
1	992	-32	20
1	1008	-32	20
1	1024	-32	20
1	1040	-32	20
1	1056	-32	20
1	1072	-32	20
1	1088	-32	23
# ---- ground brick 4 ----
1	1168	-16	22
1	1184	-16	20
1	1200	-16	20
1	1216	-16	20
1	1232	-16	20
1	1248	-16	20
1	1264	-16	20
1	1280	-16	20
1	1296	-16	20
1	1312	-16	20
1	1328	-16	20
1	1344	-16	20
1	1360	-16	20
1	1376	-16	20
1	1392	-16	20
1	1408	-16	20
1	1424	-16	20
1	1440	-16	20
1	1456	-16	20
1	1472	-16	20
1	1488	-16	20
1	1504	-16	23
# ---- ground brick 5 ----
1	1552	-16	22
1	1568	-16	20
1	1584	-16	20
1	1600	-16	20
1	1616	-16	23			
# ---- ground brick 6 ----						
1	1680	-16	22
1	1696	-16	20
1	1712	-16	20
1	1728	-16	20
1	1744	-16	20
1	1760	-16	20
1	1776	-16	20
1	1792	-16	20
1	1808	-16	20
1	1824	-16	20
1	1840	-16	20
1	1856	-16	20
1	1872	-16	20
1	1888	-16	20
1	1904	-16	20
1	1920	-16	20
1	1936	-16	20
1	1952	-16	20
1	1968	-16	20
1	1984	-16	20
1	2000	-16	20
1	2016	-16	20
1	2032	-16	20
1	2048	-16	20
1	2064	-16	20
1	2080	-16	20
1	2096	-16	20
1	2112	-16	20
1	2128	-16	20
1	2144	-16	20
1	2160	-16	20
1	2176	-16	20
1	2192	-16	20
1	2208	-16	20
1	2224	-16	20
1	2240	-16	23
# ---- ground brick 7 ----			
1	2272	-16	22
1	2288	-16	20
1	2304	-16	20
1	2320	-16	20
1	2336	-16	20
1	2352	-16	20
1	2368	-16	20
1	2384	-16	20
1	2400	-16	20
1	2416	-16	20
1	2432	-16	20
1	2448	-16	20
1	2464	-16	20
1	2480	-16	20
1	2496	-16	20
1	2512	-16	20
1	2528	-16	20
1	2544	-16	20
1	2560	-16	20
1	2576	-16	20
1	2592	-16	20
1	2608	-16	20
1	2624	-16	20
1	2640	-16	20
1	2656	-16	20
1	2672	-16	20
1	2688	-16	20
1	2704	-16	20
1	2720	-16	20
1	2736	-16	20
1	2752	-16	20
1	2768	-16	20
1	2784	-16	20
1	2800	-16	20
1	2816	-16	23

# ---- question brick 1 ----
1	176	-80	26
1	192	-80	26
# ---- question brick 2 ----
1	224	-128	26
1	240	-128	26
# ---- question brick 3 ----
1	384	-112	26
# ---- question brick 4 ----
1	656	-48	26
1	704	-80	26
# ---- question brick 5 ----
1	1488	-64	26

# ---- solid brick 1----
1	1520	-96	27
1	1536	-96	27
# ---- solid brick 2----
1	1584	-32	27
1	1600	-32	27
1	1616	-32	27
1	1600	-48	27
1	1616	-48	27
1	1616	-64	27
# ---- solid brick 3----
1	1680	-32	27
1	1696	-32	27
1	1712	-32	27
1	1680	-48	27
1	1696	-48	27
1	1680	-64	27
# ---- solid brick 3----
1	2272	-64	27
1	2288	-64	27
1	2272	-128	27
1	2288	-128	27
# CENTER PLANT
4	16	-32	70
4	32	-32	70





