# id	file_path	transparent_color_r	g	b
[TEXTURES]
0	textures\mario1.png	255	255	255
1	textures\mario.png	255	255	255
10	textures\enemies.png	3	26	110
20	textures\tiles.png	4	193	170
30	textures\tile.png	255	128	192
40	textures\enemiesl.png	0	128	128
45	textures\enemiesr.png	0	130	130
48	textures\enemiesd.png	0	128	128
50	textures\flowerr.png	255	255	255
60	textures\flowerl.png	255	255	255
70	textures\misc1.png	166	185	255
80	textures\misc.png	176	224	248
85	textures\hudbg.png	255	255	255
90	textures\hud.png	81	255	191
95	textures\hud2.png	232	226	1
96	textures\message.png	255	255	255


#Mario:  10000
#Misc:	 20000
#Brick:  30000,40000
#Goomba: 70000
#Koopas: 80000
#colorful box: 40000
#fireFlower: 90000
#terrain on ground: 50000
#terrain on air: 60000
#hud	:21000
# id	left	top	right	bottom	texture_id
[SPRITES]
# BIG MARIO 
# idle right
10001	216	243	230	270	0
# walk
10002	255	243	271	270	0		
10003	295	244	311	270	0
# change direction to right
10004	175	283	191	311	0
# jump right
10005	335	244	351	270	0
# running right fast
10006	213	323	232	350	0
10007	253	323	272	350	0
10008	293	324	312	350	0
#idle right hold koopas
10101	331	323	345	350	0
#walk right hold koopas
10102	356	323	371	350	0
10103	381	323	396	350	0
#duck right
10301	376	248	390	266	0
#fly right
10302	333	364	352	390	0
# idle left
10011	176	243	190	270	0
#walk
10012	135	243	151	270	0
10013	95	244	111	270	0
# change direction to left
10014	215	283	231	311	0
# jump left
10015	55	244	71	270	0
# running left fast
10016	174	323	193	350	0
10017	134	323	153	350	0
10018	94	324	113	350	0
#ilde left hold koopas
10111	61	323	75	350	0
#walk left hold koopas
10112	35	323	50	350	0
10113	10	323	25	350	0
#duck left
10311	16	248	30	266	0
#fly left
10312	54	364	73	390	0
# die 
10099	15	209	31	225	0
# SMALL MARIO
# idle small right
10021	217	89	229	104	0
# walk
10022	256	89	271	105	0
# change direction to right
10024	176	129	190	145	0
# jump right
10025	335	89	351	105	0
#running right fast
10023	215	169	231	185	0
10026	255	169	271	185	0
#hold koopas idle right
10121	336	169	350	185	0
#hold koopas walk right
10122	376	169	391	185	0	
# idle small left
10031	177	89	189	104	0
# walk
10032	135	89	150	105	0
# change direction to left
10034	216	129	230	145	0
# jump left
10035	55	89	71	105	0
# running left fast
10033	175	169	188	185	0
10036	135	169	151	185	0
# hold koopas idle left
10131	56	169	70	185	0
# hold koopas walk left
10132	15	169	30	185	0
# TAIL MARIO
#idle right
10041	212	443	233	471	0
#walk
10042	236	443	259	471	0
10043	262	443	284	471	0
10148	291	443	314	470	0
#change direction to right
10044	175	482	191	512	0
#jump right
10045	331	443	354	470	0
#running fast right
10046	211	523	235	551	0
10047	251	523	275	551	0
10048	291	523	315	550	0
#fly right
10049	291	603	315	631	0
10050	331	603	355	630	0
10145	371	603	395	630	0
#hold koopas idle right
10141	322	523	343	551	0
#hold koopas walk right
10142	351	523	373	551	0
10143	381	523	404	550	0
#front 
10144	355	483	371	511	0
#fly fall right
10146	211	603	234	630	0
10147	252	603	274	631	0
#duck right
10341	372	448	394	466	0
#idle left
10051	173	443	194	471	0
#walk
10052	147	443	170	471	0
10053	122	443	144	471	0
10158	92	443	115	470	0
#change direction to left
10054	215	482	231	512	0
#jump left
10055	52	443	75	470	0
#running fast left
10056	171	523	195	551	0
10057	131	523	155	551	0
10058	91	523	115	550	0
#fly left
10059	91	603	115	631	0
10060	51	603	75	630	0
10155	11	603	35	630	0
#hold koopas idle left
10151	63	523	84	551	0
#hold koopas walk left
10152	33	523	55	551	0
10153	2	523	25	550	0
#back
10154	0	483	16	511	0
#fly fall left
10156	172	603	195	630	0
10157	132	603	154	631	0
#duck left
10351	12	448	34	466	0	
# FIRE MARIO
#idle right
10061	216	683	230	710	0
#walk
10062	255	683	271	710	0
10063	295	684	311	710	0
#change direction to right
10064	175	723	191	751	0
#jump right
10065	335	684	351	710	0
#runnning fast right
10066	213	763	232	790	0	
10067	253	763	272	790	0
10068	293	764	312	790	0
#hold koopas idle right
10161	331	763	345	790	0
#attack right
10164	366	803	380	830	0
10165	386	803	400	830	0
#duck right
10361	376	688	390	706	0
#fly right
10362	333	804	352	830	0
#idle left
10071	176	683	190	710	0
#walk
10072	135	683	151	710	0
10073	95	684	111	710	0
#change direction to left
10074	215	723	231	751	0
#jump left
10075	55	684	71	710	0
#running fast left
10076	174	763	193	790	0
10077	134	763	153	790	0
10078	94	764	113	790	0
#hold koopas idle left
10171	61	763	75	790	0
#attack left
10174	26	803	40	830	0
10175	6	803	20	830	0
#duck left
10371	16	688	30	706	0
#fly left
10372	54	804	73	830	0	
#fire ball right
10201	240	554	248	562	1
10202	258	553	266	562	1
10203	258	574	266	582	1
10204	240	573	248	582	1
#fire ball left
10211	198	554	206	562	1
10212	180	553	188	562	1
10213	180	574	188	582	1
10214	198	573	206	582	1
#COIN BOUNTY
20000	334	100	348	116	70
20001	294	101	302	115	70
20002	321	101	325	115	70
20003	372	100	382	116	70
20004	357	100	363	116	70
#Red mushroom
20005	156	121	172	137	70
#Green mushroom
20006	286	120	302	137	70
#Power leaf
20007	180	123	196	137	70
#Bounty Button
20008	156	144	172	160	70
20009	178	144	194	160	70
20010	200	153	216	160	70
#ScoreBoard
22000	11	127	165	157	90
#Square
23000	171	127	245	157	90
#Square Mushroom
23001	188	165	204	181	90
#Square Flower
23002	212	165	228	181	90
#Square Star
23003	236	165	252	181	90
#BackGround Hud
24000	0	0	272	32	85
#Message Mystery Piece
24001	0	151	248	224	96
24002	0	75	248	149	96
24003	0	0	248	73	96
#Number
21000	77	31	85	38	90
21001	88	31	94	38	90
21002	97	31	105	38	90
21003	107	31	115	38	90
21004	117	31	125	38	90
21005	127	31	135	38	90
21006	137	31	145	38	90
21007	147	31	155	39	90
21008	157	31	165	38	90
21009	167	31	175	38	90
#state
21010	27	0	35	7	95
21011	0	0	8	7	95
#state max
21012	36	0	51	7	95
21013	9	0	24	7	95
#font normal
21014	15	160	33	169	90
#effect cloud
25001	527	20	543	36	80
25002	546	22	559	34	80
25003	560	21	573	34	80
25004	575	21	588	33	80
#WEAK BRICK
30000	52	52	68	68	20
30001	69	52	85	68	20
30002	86	52	102	68	20
30003	103	52	119	68	20
#FRAGMENT OF WEAK BRICK
30100	484	120	492	128	80
#LEFT UPPER WATER PIPE
30004	171	69	187	85	20
#RIGHT UPPER WATER PIPE
30005	188	69	204	85	20
#LEFT CENTER WATER PIPE
30006	171	86	187	102	20
#RIGHT CENTER WATER PIPE
30007	188	86	204	102	20
#BLACK PIPE VERTICAL
#LEFT UPPER WATER PIPE
30008	120	375	135	391	20
#RIGHT UPPER WATER PIPE
30009	136	375	153	391	20
#LEFT CENTER WATER PIPE
30010	156	375	171	391	20
#RIGHT CENTER WATER PIPE
30011	172	375	186	391	20
#LEFT LOWER WATER PIPE
30012	188	375	203	391	20
#RIGHT LOWER WATER PIPE
30013	204	375	221	391	20
#BLACK PIPE HORIZONTAL
#CENTER WATER PIPE
30014	239	359	255	374	20
30015	239	375	255	390	20
# UPPER CENTER GROUND BRICK
40000	18	1	34	17	20
# LOWER CENTER GROUND BRICK
40001	18	18	34	34	20
# UPPER LEFT GROUND BRICK
40002	1	1	17	17	20
# UPPER RIGHT GROUND BRICK
40003	35	1	51	17	20
# LOWER LEFT GROUND BRICK
40004	1	18	17	34	20
# LOWER RIGHT GROUND BRICK
40005	35	18	51	34	20
#brick with question mark animation
40006	120	52	136	68	20
40007	137	52	153	68	20
40008	154	52	170	68	20
40009	171	52	187	68	20
#SOLID BRICK
40010	1	52	17	68	20
#BLUE BRICK
40051	494	222	510	238	20
#EMPTY BRICK
40050	188	52	204	68	20


#GOOMBA
70001	5	14	21	29	10
70002	25	14	41	29	10
#die
70003	45	21	61	29	10
#kicked out
70004	262	292	278	308	48
#fly
70005	58	58	78	77	45
70006	79	58	99	77	45
70007	100	53	120	77	45
70008	121	53	141	77	45
#KOOPAS
#level normal
#walk left
80001	205	191	221	217	40
80002	222	191	238	217	40
#walk right
80011	187	191	202	217	40
80012	170	191	185	217	40
#defense
80021	239	202	255	218	40
80022	256	202	272	218	40
80023	273	202	289	218	40
80024	290	202	306	218	40
#kicked out
80025	279	198	295	214	48
#level fly
#walk left
80031	256	249	272	276	40
80032	239	249	255	276	40
80033	222	250	238	276	40
80034	205	248	221	276	40
#walk right
80041	262	249	278	276	45
80042	279	249	295	276	45
80043	296	250	312	276	45
80044	313	248	329	276	45
#FIRE FLOWER 
#right upper
90001	222	126	238	158	50
90002	239	126	255	158	50
#right lower
90003	256	126	272	158	50
90004	273	126	289	158	50
#left upper
90005	201	126	217	158	60
90006	184	126	200	158	60
#left lower
90007	167	126	183	158	60
90008	150	126	166	158	60
#PIRANHA
90011	38	101	54	124	60
90012	57	100	72	124	60
# UPPER LEFT PLANT
50000	137	1	153	17	30
#UPPER RIGHT PLANT
50001	154	1	170	17	30
# CENTER LEFT PLANT
50002	137	18	153	34	30
# CENTER PLANT
50003	137	52	153	68	30
# CENTER RIGHT PLANT
50004	154	18	170	34	30
# LOWER LEFT PLANT
50005	137	35	153	51	30
# LOWER RIGHT PLANT
50006	154	35	170	51	30
# GRASS
50007	222	205	238	221	30
# DARK UPPER LEFT PLANT
50008	103	1	119	17	30
# DARK UPPER RIGHT PLANT
50009	120	1	136	17	30
# DARK CENTER LEFT PLANT
50010	103	18	119	34	30
# DARK CENTER RIGHT PLANT
50011	120	18	136	34	30
# DARK UPPER LEFT BOX
50012	137	86	153	102	30
# DARK UPPER RIGHT BOX
50013	154	86	170	102	30
# DARK LOWER LEFT BOX
50014	137	103	153	119	30
# DARK LOWER RIGHT BOX
50015	154	103	170	119	30
#LEFT UPPER PINK BOX
40011	1	52	17	68	30
#CENTER UPPER PINK BOX
40012	18	52	34	68	30
#RIGHT UPPER PINK BOX
40013	35	52	51	68	30
#LEFT CENTER PINK BOX
40014	1	69	17	85	30
#CENTER PINK BOX
40015	18	69	34	85	30
#RIGHT CENTER PINK BOX
40016	35	69	51	85	30
#LEFT LOWER PINK BOX
40017	1	86	17	102	30
#CENTER LOWER PINK BOX
40018	18	86	34	102	30
#RIGHT LOWER PINK BOX
40019	35	86	51	102	30
#LEFT UPPER BLUE BOX
40020	52	52	68	68	30
#CENTER UPPER BLUE BOX
40021	69	52	85	68	30
#RIGHT UPPER BLUE BOX
40022	86	52	102	68	30
#LEFT CENTER BLUE BOX
40023	52	69	68	85	30
#CENTER BLUE BOX
40024	69	69	85	85	30
#RIGHT CENTER BLUE BOX
40025	86	69	102	85	30
#LEFT LOWER BLUE BOX
40026	52	86	68	102	30
#CENTER LOWER BLUE BOX
40027	69	86	85	102	30
#RIGHT LOWER BLUE BOX
40028	86	86	102	102	30
#LEFT UPPER WHITE BOX
40030	1	1	17	17	30
#CENTER UPPER WHITE BOX
40031	18	1	34	17	30
#RIGHT UPPER WHITE BOX
40032	35	1	51	17	30
#LEFT CENTER WHITE BOX
40033	1	18	17	34	30
#CENTER WHITE BOX
40034	18	18	34	34	30
#RIGHT CENTER WHITE BOX
40035	35	18	51	34	30
#LEFT LOWER WHITE BOX
40036	1	35	17	51	30
#CENTER LOWER WHITE BOX
40037	18	35	34	51	30
#RIGHT LOWER WHITE BOX
40038	35	35	51	51	30
#LEFT UPPER GREEN BOX
40040	52	1	68	17	30
#CENTER UPPER GREEN BOX
40041	69	1	85	17	30
#RIGHT UPPER GREEN BOX
40042	86	1	102	17	30
#LEFT CENTER GREEN BOX
40043	52	18	68	34	30
#CENTER GREEN BOX
40044	69	18	85	34	30
#RIGHT CENTER GREEN BOX
40045	86	18	102	34	30
#LEFT LOWER GREEN BOX
40046	52	35	68	51	30
#CENTER LOWER GREEN BOX
40047	69	35	85	51	30
#RIGHT LOWER GREEN BOX
40048	86	35	102	51	30
# BIG SIDE SHADOW
60000	103	86	111	102	30
# SMALL SIDE SHADOW
60001	103	77	111	85	30
# LEFT UPPER CLOUD
60002	188	189	204	205	30
# RIGHT UPPER CLOUD
60003	206	189	222	205	30
# LEFT LOWER CLOUD
60004	188	205	204	213	30
# RIGHT LOWER CLOUD
60005	206	205	221	212	30
# MISSING DARK
60006	103	52	119	68	30
# FULL DARK
60007	120	52	136	68	30
# SMILE CLOUD
60008	222	188	238	204	30
# LEFT LOWER SHADOW
60009	77	103	85	111	30
# CENTER LOWER SHADOW
60010	86	103	102	111	30
# RIGHT LOWER SHADOW
60011	103	103	111	111	30
	

# ani_id	sprite1_id	time1	sprite2_id	time2	...
[ANIMATIONS]
# ==== MARIO =========
#idle BIG right
400	10001	100
#idle BIG left
401	10011	100
#idle small right
402	10021	100
#idle small left
403	10031	100
#walk right big
500	10001	100	10002	100	10003	100
#walk left big
501	10011	100	10012	100	10013	100
#walk right small
502	10021	100	10022	100	10023	100
#walk left small
503	10031	100	10032	100	10033	100
#change direction right big
504	10004	100	10004	100
#change direction left big
505	10014	100	10014	100
#jump right big
506	10005	100
#jump left big
507	10015	100
#change direction right small
508	10024	100	10024	100
#change direction left small
509	10034	100	10034	100
#jump right small
510	10025	100
#jump left small
511	10035	100
#idle tail right
512	10041	100
#idle tail left
513	10051	100
#walk right tail
514	10041	100	10042	100	10043	100	10148	100
#walk left tail
515	10051	100	10052	100	10053	100	10158	100
#change direction right tail
516	10044	100	10044	100
#change direction left tail
517	10054	100	10054	100
#jump right tail
518	10045	100
#jump left tail
519	10055	100
#idle fire right
520	10061	100
#idle fire left
521	10071	100
#walk right fire
522	10061	100	10062	100	10063	100
#walk left fire
523	10071	100	10072	100	10073	100
#change direction right fire
524	10064	100	10064	100
#change direction left fire
525	10074	100	10074	100
#jump right
526	10065	100
#jump left
527	10075	100
#running right fast big
528	10006	100	10007	100	10008	100
#running left fast big
529	10016	100	10017	100	10018	100
#running right fast tail
530	10046	100	10047	100	10048	100
#running left fast tail
531	10056	100	10057	100	10058	100
#running right fast fire
532	10066	100	10067	100	10068	100
#running left fast fire
533	10076	100	10077	100	10078	100
#running right fast small
534	10026	100	10022	100	10023	100
#running left fast small
535	10036	100	10032	100	10033	100
#fly right
541	10049	100	10050	100	10145	100
#fly left
542	10059	100	10060	100	10155	100
#fly fall right
543	10146	100	10147	100
#fly fall left
544	10156	100	10157	100
#attack tail right
545	10041	50	10042	50	10144	50	10052	50	10154	50	10042	50	10041	50
#attack tail left
546	10051	50	10052	50	10144	50	10042	50	10154	50	10052	50	10051	50	
#attack fire right
547	10164	100	10165	100
548	10174	100	10175	100	
#HOLD KOOPAS
#big idle right
549	10101	100
#big walk right
550	10101	100	10102	100	10103	100
#big idle left
551	10111	100	
#big walk left
552	10111	100	10112	100	10113	100	
#small idle right
553	10121	100	
#small walk right
554	10121	100	10122	100
#small idle left
555	10131	100	
#small walk left
556	10131	100	10132	100
#tail idle right
557	10141	100
#tail walk right
558	10141	100	10142	100	10143	100
#tail idle left
559	10151	100
#tail walk left
560	10151	100	10152	100	10153	100
#front cross pipe
561	10144	100
#big duck right
562	10301	100
#big duck left
563	10311	100
#tail duck right
564	10341	100
#tail duck left	
565	10351	100
#fire duck right
566	10361	100
#fire duck left
567	10371	100

#die
599	10099	100
# ==== BOUNTY  =========
# Normal coin
200	20000	300	20001	300	20002	300	20003	300	20004	300
# Hidden coin
201	20001	200	20002	200	20003	200	20004	200
# Red mushroom
202	20005	100
# Super leaf
203	20007	100
# Green mushroom
204	20006	100
# Bounty button normal
205	20008	100	20009	100
# Bounty button pressed
206	20010	100	
# ==== FIRE BALL  =========
#fire ball right
300	10201	100	10202	100	10203	100	10204	100		
#fire ball left
301	10211	100	10212	100	10213	100	10214	100
	
# ==== GOOMBA  =========
# walk
701	70001	100	70002	100
# die
702	70003	100
#kick out 
707	70004	100
#fly walk
708	70007	100	70008	100
# ==== FIRE FLOWER  =========
703	90001	500	90002	500
704	90003	500	90004	500
705	90005	500	90006	500
706	90007	500	90008	500
#=====PIRANHA=====
709	90011	100	90012	100
# ==== KOOPAS  =========
#walk left normal
801	80001	100	80002	100
#walk right normal
802	80011	100	80012	100
#defense static
804	80021	100
#defense dynamic
805	80021	100	80022	100	80023	100	80024	100
#walk left fly
806	80031	100	80032	100	80033	100	80034	100
#walk right fly
807	80041	100	80042	100	80043	100	80044	100
#kick out
808	80025	100
# ==== UPPER CENTER GROUND BRICK =========
600	40000	100
# ==== LOWER CENTER GROUND BRICK =========
601	40001	100
# ==== UPPER LEFT GROUND BRICK =========
602	40002	100
# ==== UPPER RIGHT GROUND BRICK =========
603	40003	100
# ==== LOWER LEFT GROUND BRICK =========
604	40004	100
# ==== LOWER RIGHT GROUND BRICK =========
605	40005	100
# ==== QUESTION MARK BRICK =========
606	40006	100	40007	100	40008	100	40009	100
# ==== SOLID BRICK =========
607	40010	100
# ==== WEAK BRICK =========
608	30000	100	30001	100	30002	100	30003	100
# ==== LEFT UPPER WATER PIPE =========
609	30004	100
# ==== RIGHT UPPER WATER PIPE =========
610	30005	100
# ==== LEFT CENTER WATER PIPE =========
611	30006	100
# ==== RIGHT CENTER WATER PIPE =========
612	30007	100
# ==== EMPTY BRICK =========
613	40050	100
# ==== BLUE BRICK =========
614	40051	100
#======LEFT UPPER WATER PIPE======
615	30008	100
#=======RIGHT UPPER WATER PIPE======
616	30009	100
#=======LEFT CENTER WATER PIPE=====
617	30010	100
#======RIGHT CENTER WATER PIPE=====
618	30011	100
#====LEFT LOWER WATER PIPE=====
619	30012	100
#=======RIGHT LOWER WATER PIPE======
620	30013	100
#=======FRAGMENT OF WEAK BRICK======
623	30100	100
#BLACK PIPE VERTICAL
#CENTER WATER PIPE
621	30010	100
622	30011	100
#LOWER WATER PIPE
624	30012	100
625	30013	100
#NUMBER FONT
#NUMBER	0
650	21000	100
#NUMBER	1
651	21001	100
#NUMBER	2
652	21002	100
#NUMBER	3
653	21003	100
#NUMBER	4
654	21004	100
#NUMBER	5
655	21005	100
#NUMBER	6
656	21006	100
#NUMBER	7
657	21007	100
#NUMBER	8
658	21008	100
#NUMBER 9
659	21009	100
#STATE FONT
660	21010	10
661	21011	10
#STATE MAX FONT
662	21012	100
663	21013	100
#BACKGROND FONT
664	21014	100
#Square Mushroom
665	23001	100
#Square Flower
666	23002	100
#Square Star
667	23003	100
#Message Mushroom
668	24001	100
#Message Flower
669	24002	100
#Message star
670	24003	100
# EFFECT CLOUND
671	25001	50	25002	50	25003	50	25004	50
#EFFECT SMALL BIG RIGHT
672	10021	100	10001	100
#EFFECT SMALL BIG LEFT
673	10031	100	10011	100	
#
# id	ani1	ani2	ani3
#
[ANIMATION_SETS]
# MARIO
1	400	401	402	403	500	501	502	503	504	505	506	507	508	509	510	511	512	513	514	515	516	517	518	519	520	521	522	523	524	525	526	527	528	529	530	531	532	533	534	535	541	542	543	544	545	546	547	548	549	550	551	552	553	554	555	556	557	558	559	560	561	562	563	564	565	566	567	599
# GOOMBA
3	701	702	707	708	
#KOOPAS
4	801	802	804	805	806	807	808
#FIRE BALL
5	300	301
#FIRE FLOWER
6	703	704	705	706
#Bounty
7	201	202	203	204
#Coin
8	200
# UPPER CENTER GROUND BRICK
20	600
# LOWER CENTER GROUND BRICK
21	601
# UPPER LEFT GROUND BRICK
22	602
# UPPER RIGHT GROUND BRICK
23	603
# LOWER LEFT GROUND BRICK
24	604
# LOWER RIGHT GROUND BRICK
25	605
# QUESTION MARK BRICK 
26	606	613
# SOLID BRICK
27	607	
# WEAK BRICK
28	608	613
# LEFT UPPER WATER PIPE
29	609
# RIGHT UPPER WATER PIPE
30	610
# LEFT CENTER WATER PIPE
31	611
# RIGHT CENTER WATER PIPE
32	612
#BLUE BRICK
33	614
#FRAGMENT OF WEAK BRICK
34	623
#BOUNTY BUTTON
35	205	206
#BLACK PIPE VERTICAL
#CENTER PIPE LEFT
36	621
#CENTER PIPE RIGHT
37	622
#LOWER PIPE LEFT
38	624
#LOWER PIPE RIGHT
39	625
#NUMBER
40	650	651	652	653	654	655	656	657	658	659
#STATE
41	660	661
#STATE MAX
42	662	663
#NORMAL
43	664
#SQUARE MYSTERY PIECE
44	665	666	667
#MESSAGE MYSTERY PIECE
45	668	669	670
#EFFCT
46	671	672	673
#PIRANHA
47	709
[OBJECTS]
# type	x	y	ani_set_id	extra_settings per object type
# type: 0 = Mario , 1 = Brick, 2 = Goomba, 3 = Koopas, 4 = Bounty Brick, 5=Hidden Object, 6=Fire Ball of Mario, 7=Fire Flower, 8=Fire Ball of Flower, 9=Bounty, 10=Coin, 11=Fragment, 12=Weak Brick, 13=Bounty Button, 14=Special Brick, 15=Mystery Piece
# MARIO
0	17	-50	1
# TAIL OF MARIO
19	17	-50	0
# HIDDEN OBJECT
5	240	-64	0	48	1
5	272	-96	0	48	1
5	400	-64	0	80	1
5	464	-96	0	64	1
5	512	-128	0	64	1
5	512	-48	0	96	1
5	1264	-48	0	112	1
5	1296	-80	0	112	1
5	1328	-112	0	112	1
5	2144	-64	0	48	1
5	2176	-160	0	48	1
5	1312	-288	0	64	1
5	1408	-240	0	64	1
5	1488	-256	0	208	1
5	512	-49	0	1	1
5	608	-49	0	1	1
	
# BRICK 
# ---- ground brick 1 ----
1	0	-16	22
1	16	-16	20	
1	32	-16	20	
1	48	-16	20		
1	64	-16	20	
1	80	-16	20	
1	96	-16	20
1	112	-16	20
1	128	-16	20
1	144	-16	20
1	160	-16	20
1	176	-16	20
1	192	-16	20
1	208	-16	20
1	224	-16	20
1	240	-16	20
1	256	-16	20
1	272	-16	20
1	288	-16	20
1	304	-16	20
1	320	-16	20
1	336	-16	20
1	352	-16	20
1	368	-16	20
1	384	-16	20
1	400	-16	20
1	416	-16	20
1	432	-16	20
1	448	-16	20
1	464	-16	20
1	480	-16	20
1	496	-16	20
1	512	-16	20
1	528	-16	20
1	544	-16	20
1	560	-16	20
1	576	-16	20
1	592	-16	20
1	608	-16	23
# ---- ground brick 2 ----
1	624	-16	24
1	640	-16	21
1	656	-16	21
1	672	-16	21
1	688	-16	21
1	704	-16	21
1	720	-16	21
1	736	-16	21
1	752	-16	21
1	768	-16	21
1	784	-16	21
1	800	-16	21
1	816	-16	21
1	832	-16	21
1	848	-16	21
1	864	-16	21
1	880	-16	21
1	896	-16	21
1	912	-16	21
1	928	-16	21
1	944	-16	21
1	960	-16	21
1	976	-16	21
1	992	-16	21
1	1008	-16	21
1	1024	-16	21
1	1040	-16	21
1	1056	-16	21
1	1072	-16	25
# ---- ground brick 3 ----
1	624	-32	22
1	640	-32	20
1	656	-32	20
1	672	-32	20
1	688	-32	20
1	704	-32	20
1	720	-32	20
1	736	-32	20
1	752	-32	20
1	768	-32	20
1	784	-32	20
1	800	-32	20
1	816	-32	20
1	832	-32	20
1	848	-32	20
1	864	-32	20
1	880	-32	20
1	896	-32	20
1	912	-32	20
1	928	-32	20
1	944	-32	20
1	960	-32	20
1	976	-32	20
1	992	-32	20
1	1008	-32	20
1	1024	-32	20
1	1040	-32	20
1	1056	-32	20
1	1072	-32	23
# ---- ground brick 4 ----
1	1152	-16	22
1	1168	-16	20
1	1184	-16	20
1	1200	-16	20
1	1216	-16	20
1	1232	-16	20
1	1248	-16	20
1	1264	-16	20
1	1280	-16	20
1	1296	-16	20
1	1312	-16	20
1	1328	-16	20
1	1344	-16	20
1	1360	-16	20
1	1376	-16	20
1	1392	-16	20
1	1408	-16	20
1	1424	-16	20
1	1440	-16	20
1	1456	-16	20
1	1472	-16	20
1	1488	-16	23
# ---- ground brick 5 ----
1	1536	-16	22
1	1552	-16	20
1	1568	-16	20
1	1584	-16	20
1	1600	-16	23		
# ---- ground brick 6 ----
1	1664	-16	22						
1	1680	-16	20
1	1696	-16	20
1	1712	-16	20
1	1728	-16	20
1	1744	-16	20
1	1760	-16	20
1	1776	-16	20
1	1792	-16	20
1	1808	-16	20
1	1824	-16	20
1	1840	-16	20
1	1856	-16	20
1	1872	-16	20
1	1888	-16	20
1	1904	-16	20
1	1920	-16	20
1	1936	-16	20
1	1952	-16	20
1	1968	-16	20
1	1984	-16	20
1	2000	-16	20
1	2016	-16	20
1	2032	-16	20
1	2048	-16	20
1	2064	-16	20
1	2080	-16	20
1	2096	-16	20
1	2112	-16	20
1	2128	-16	20
1	2144	-16	20
1	2160	-16	20
1	2176	-16	20
1	2192	-16	20
1	2208	-16	20
1	2221	-16	23
# ---- ground brick 7 ----
1	2257	-16	22			
1	2272	-16	20
1	2288	-16	20
1	2304	-16	20
1	2320	-16	20
1	2336	-16	20
1	2352	-16	20
1	2368	-16	20
1	2384	-16	20
1	2400	-16	20
1	2416	-16	20
1	2432	-16	20
1	2448	-16	20
1	2464	-16	20
1	2480	-16	20
1	2496	-16	20
1	2512	-16	20
1	2528	-16	20
1	2544	-16	20
1	2560	-16	20
1	2576	-16	20
1	2592	-16	20
1	2608	-16	20
1	2624	-16	20
1	2640	-16	20
1	2656	-16	20
1	2672	-16	20
1	2688	-16	20
1	2704	-16	20
1	2720	-16	20
1	2736	-16	20
1	2752	-16	20
1	2768	-16	20
1	2784	-16	20
1	2800	-16	20
1	2816	-16	20
1	2832	-16	20
1	2848	-16	23
# ---- question brick 1 ----
4	176	-80	26
4	192	-80	26
# ---- question brick 2 ----
4	224	-128	26
4	240	-128	26
# ---- question brick 3 ----
4	416	-112	26
# ---- question brick 4 ----
4	656	-48	26
4	704	-80	26
# ---- question brick 5 ----
4	1472	-64	26
4	1440	-304	28
# ---- solid brick 1----
1	1504	-96	27
1	1520	-96	27
# ---- solid brick 2----
1	1568	-32	27
1	1584	-32	27
1	1600	-32	27
1	1584	-48	27
1	1600	-48	27
1	1600	-64	27
# ---- solid brick 3----
1	1664	-32	27
1	1680	-32	27
1	1696	-32	27
1	1664	-48	27
1	1680	-48	27
1	1664	-64	27
# ---- solid brick 4----
1	2256	-64	27
1	2272	-64	27
1	2256	-128	27
1	2272	-128	27
# ---- weak brick 1----
12	1952	-32	28
12	1968	-32	28
12	1984	-32	28
12	2000	-32	28
12	2016	-32	28
12	2032	-32	28
12	2048	-32	28
12	2096	-32	28
12	2112	-32	28
12	1968	-48	28
12	1984	-48	28
12	2000	-48	28
12	2016	-48	28
12	2032	-48	28
12	2096	-48	28			
12	1984	-64	28
12	2000	-64	28
12	2016	-64	28
#-----Special brick -----------
14	2032	-64	28
#------Mystery piece --------
15	2680	-104	44
15	0	96	44
15	0	112	44
15	0	128	44
#-----Message--------
16	2576	-208	45
#-------fragment of weak brick-----
11	1952	-32	34	0
11	1960	-32	34	0	
11	1952	-24	34	0
11	1960	-24	34	0

11	1968	-32	34	1
11	1976	-32	34	1
11	1968	-24	34	1
11	1976	-24	34	1

11	1984	-32	34	2
11	1992	-32	34	2
11	1984	-24	34	2	
11	1992	-24	34	2

11	2000	-32	34	3
11	2008	-32	34	3
11	2000	-24	34	3
11	2008	-24	34	3

11	2016	-32	34	4
11	2024	-32	34	4
11	2016	-24	34	4
11	2024	-24	34	4

11	2032	-32	34	5
11	2040	-32	34	5
11	2032	-24	34	5
11	2040	-24	34	5

11	2048	-32	34	6
11	2056	-32	34	6
11	2048	-24	34	6	
11	2056	-24	34	6

11	2096	-32	34	7
11	2104	-32	34	7
11	2096	-24	34	7
11	2104	-24	34	7

11	2112	-32	34	8
11	2120	-32	34	8
11	2112	-24	34	8
11	2120	-24	34	8

11	1968	-48	34	9
11	1976	-48	34	9
11	1968	-40	34	9
11	1976	-40	34	9

11	1984	-48	34	10
11	1992	-48	34	10
11	1984	-40	34	10
11	1992	-40	34	10

11	2000	-48	34	11
11	2008	-48	34	11
11	2000	-40	34	11
11	2008	-40	34	11

11	2016	-48	34	12
11	2024	-48	34	12
11	2016	-40	34	12
11	2024	-40	34	12

11	2032	-48	34	13
11	2040	-48	34	13
11	2032	-40	34	13
11	2040	-40	34	13

11	2096	-48	34	14
11	2104	-48	34	14
11	2096	-40	34	14
11	2104	-40	34	14

11	1984	-64	34	15
11	1992	-64	34	15
11	1984	-56	34	15
11	1992	-56	34	15

11	2000	-64	34	16
11	2008	-64	34	16
11	2000	-56	34	16
11	2008	-56	34	16

11	2016	-64	34	17
11	2024	-64	34	17
11	2016	-56	34	17
11	2024	-56	34	17

11	2032	-64	34	18
11	2040	-64	34	18
11	2032	-56	34	18
11	2040	-56	34	18

#BOUNTY BUTTON
13	2032	-64	35
# FIRE FLOWER
7	360	-48	6
7	1864	-48	6
# PIRANHA
22	1800	-48	47
# ---- water pipe 1----
1	352	-32	31
1	368	-32	32			
1	352	-48	31
1	368	-48	32
1	352	-64	29
1	368	-64	30
# ---- water pipe 2----
1	1792	-32	31
1	1808	-32	32
1	1792	-48	29
1	1808	-48	30			
1	1856	-32	31
1	1872	-32	32
1	1856	-48	31
1	1872	-48	32
1	1856	-64	29
1	1872	-64	30
# ---- water pipe 3----
1	2256	-32	31
1	2272	-32	32
1	2256	-48	31
1	2272	-48	32			
1	2320	-32	31
1	2336	-32	32
1	2320	-48	29
1	2336	-48	30
1	2256	-144	31
1	2272	-144	32
1	2256	-160	31
1	2272	-160	32
1	2256	-176	31
1	2272	-176	32
1	2256	-192	31
1	2272	-192	32
1	2256	-208	31
1	2272	-208	32
1	2256	-224	31
1	2272	-224	32
1	2256	-240	31
1	2272	-240	32
1	2256	-256	31
1	2272	-256	32
1	2256	-272	31
1	2272	-272	32
1	2256	-288	31
1	2272	-288	32
1	2256	-304	31
1	2272	-304	32
1	2256	-320	29
1	2272	-320	30
#HIDDEN DOOR
17	2256	-336	0	32	16	0
17	2480	80	0	32	32	1
#AUTO DOOR
18	2256	-272	0	32	32	2264	96
18	2482	48	0	32	32	2320	-80
#BLUE BRICK
1	2128	64	33
1	2144	64	33
1	2160	64	33
1	2176	64	33
1	2192	64	33
1	2208	64	33
1	2224	64	33
1	2240	64	33
1	2258	64	36
1	2273	64	37
1	2288	64	33
1	2304	64	33
1	2320	64	33
1	2336	64	33
1	2352	64	33
1	2368	64	33
1	2384	64	33
1	2400	64	33
1	2416	64	33
1	2432	64	33
1	2448	64	33
1	2464	64	33
1	2482	64	36
1	2497	64	37
1	2512	64	33
1	2528	64	33
1	2544	64	33
1	2560	64	33
1	2576	64	33
1	2592	64	33
1	2608	64	33
1	2624	64	33			

1	2128	80	33
1	2144	80	33
1	2160	80	33
1	2176	80	33
1	2192	80	33
1	2208	80	33
1	2224	80	33
1	2240	80	33
1	2257	80	38
1	2272	80	39
1	2480	80	38
1	2495	80	39
1	2512	80	33
1	2528	80	33
1	2544	80	33
1	2560	80	33
1	2576	80	33
1	2592	80	33
1	2608	80	33
1	2624	80	33

1	2512	96	33
1	2528	96	33
1	2544	96	33
1	2560	96	33
1	2576	96	33
1	2592	96	33
1	2608	96	33
1	2624	96	33			
1	2128	96	33
1	2144	96	33
1	2160	96	33
1	2176	96	33
1	2192	96	33
1	2208	96	33
1	2224	96	33
1	2240	96	33
			
1	2128	112	33
1	2144	112	33
1	2160	112	33
1	2176	112	33
1	2192	112	33
1	2208	112	33
1	2224	112	33
1	2240	112	33
1	2512	112	33
1	2528	112	33
1	2544	112	33
1	2560	112	33
1	2576	112	33
1	2592	112	33
1	2608	112	33
1	2624	112	33
			
1	2128	128	33
1	2144	128	33
1	2160	128	33
1	2176	128	33
1	2192	128	33
1	2208	128	33
1	2224	128	33
1	2240	128	33
1	2464	128	33
1	2480	128	33
1	2496	128	33

1	2512	128	33
1	2528	128	33
1	2544	128	33
1	2560	128	33
1	2576	128	33
1	2592	128	33
1	2608	128	33
1	2624	128	33

			
1	2128	144	33
1	2144	144	33
1	2160	144	33
1	2176	144	33
1	2192	144	33
1	2208	144	33
1	2224	144	33
1	2240	144	33
1	2448	144	33
1	2464	144	33
1	2480	144	33
1	2496	144	33

1	2512	144	33
1	2528	144	33
1	2544	144	33
1	2560	144	33
1	2576	144	33
1	2592	144	33
1	2608	144	33
1	2624	144	33
			
1	2128	160	33
1	2144	160	33
1	2160	160	33
1	2176	160	33
1	2192	160	33
1	2208	160	33
1	2224	160	33
1	2240	160	33
1	2432	160	33
1	2448	160	33
1	2464	160	33
1	2480	160	33
1	2496	160	33

1	2512	160	33
1	2528	160	33
1	2544	160	33
1	2560	160	33
1	2576	160	33
1	2592	160	33
1	2608	160	33
1	2624	160	33
			
1	2128	176	33
1	2144	176	33
1	2160	176	33
1	2176	176	33
1	2192	176	33
1	2208	176	33
1	2224	176	33
1	2240	176	33
1	2416	176	33
1	2432	176	33
1	2448	176	33
1	2464	176	33
1	2480	176	33
1	2496	176	33

1	2512	176	33
1	2528	176	33
1	2544	176	33
1	2560	176	33
1	2576	176	33
1	2592	176	33
1	2608	176	33
1	2624	176	33
			
1	2128	192	33
1	2144	192	33
1	2160	192	33
1	2176	192	33
1	2192	192	33
1	2208	192	33
1	2224	192	33
1	2240	192	33
1	2400	192	33
1	2416	192	33
1	2432	192	33
1	2448	192	33
1	2464	192	33
1	2480	192	33
1	2496	192	33

1	2512	192	33
1	2528	192	33
1	2544	192	33
1	2560	192	33
1	2576	192	33
1	2592	192	33
1	2608	192	33
1	2624	192	33
			
1	2128	208	33
1	2144	208	33
1	2160	208	33
1	2176	208	33
1	2192	208	33
1	2208	208	33
1	2224	208	33
1	2240	208	33
1	2384	208	33
1	2400	208	33
1	2416	208	33
1	2432	208	33
1	2448	208	33
1	2464	208	33
1	2480	208	33
1	2496	208	33
1	2512	208	33
1	2528	208	33
1	2544	208	33
1	2560	208	33
1	2576	208	33
1	2592	208	33
1	2608	208	33
1	2624	208	33

1	2128	224	33
1	2144	224	33
1	2160	224	33
1	2176	224	33
1	2192	224	33
1	2208	224	33
1	2224	224	33
1	2240	224	33
1	2256	224	33
1	2272	224	33
1	2288	224	33
1	2304	224	33
1	2320	224	33
1	2336	224	33
1	2352	224	33
1	2368	224	33
1	2384	224	33
1	2400	224	33
1	2416	224	33
1	2432	224	33
1	2448	224	33
1	2464	224	33
1	2480	224	33
1	2496	224	33
1	2512	224	33
1	2528	224	33
1	2544	224	33
1	2560	224	33
1	2576	224	33
1	2592	224	33
1	2608	224	33
1	2624	224	33			
1	2128	240	33
1	2144	240	33
1	2160	240	33
1	2176	240	33
1	2192	240	33
1	2208	240	33
1	2224	240	33
1	2240	240	33
1	2256	240	33
1	2272	240	33
1	2288	240	33
1	2304	240	33
1	2320	240	33
1	2336	240	33
1	2352	240	33
1	2368	240	33
1	2384	240	33
1	2400	240	33
1	2416	240	33
1	2432	240	33
1	2448	240	33
1	2464	240	33
1	2480	240	33
1	2496	240	33
1	2512	240	33
1	2528	240	33
1	2544	240	33
1	2560	240	33
1	2576	240	33
1	2592	240	33
1	2608	240	33
1	2624	240	33
10	2336	96	8	-1
10	2352	96	8	-1
10	2320	112	8	-1
10	2368	112	8	-1
10	2368	128	8	-1
10	2336	144	8	-1
10	2352	144	8	-1
10	2368	160	8	-1	
10	2320	176	8	-1
10	2368	176	8	-1
10	2336	192	8	-1
10	2352	192	8	-1
#FIRE BALL
6	0	48	5
6	0	64	5
# FLOWER FIRE BALL
8	0	80	5
8	0	96	5
# GOOMBA
2	464	-40	3	0
2	152	-48	3	0
2	704	-80	3	1
#KOOPAS
3	544	-96	4	0
3	160	-80	4	1
3	1328	-120	4	1
3	1360	-120	4	1
3	1392	-120	4	1
3	2000	-96	4	0		
# COIN
10	1072	-112	8	-1
10	1104	-144	8	-1
10	1136	-176	8	-1
10	1168	-208	8	-1
10	1200	-240	8	-1
10	1328	-352	8	-1
10	1344	-352	8	-1
10	1360	-352	8	-1	
10	1472	-320	8	-1
10	1488	-320	8	-1
10	1536	-304	8	-1
10	1552	-304	8	-1
10	1568	-304	8	-1
10	1584	-304	8	-1
10	1616	-320	8	-1
10	1632	-320	8	-1	
10	1648	-320	8	-1	
10	1664	-320	8	-1	
10	1696	-288	8	-1
10	1728	-320	8	-1
10	1760	-304	8	-1
10	1808	-336	8	-1
10	1840	-304	8	-1
10	1952	-32	8	0
10	1968	-32	8	1
10	1984	-32	8	2
10	2000	-32	8	3
10	2016	-32	8	4
10	2032	-32	8	5
10	2048	-32	8	6
10	2096	-32	8	7
10	2112	-32	8	8
10	1968	-48	8	9	
10	1984	-48	8	10	
10	2000	-48	8	11
10	2016	-48	8	12	
10	2032	-48	8	13
10	2096	-48	8	14		
10	1984	-64	8	15
10	2000	-64	8	16
10	2016	-64	8	17

# BOUNTY
9	180	-80	7
9	196	-80	7
9	228	-128	7
9	240	-128	7
9	420	-112	7
9	656	-48	7
9	708	-80	7
9	1472	-64	7
9	1440	-304	7
# --- SCENE PORTAL ----
# type	l	t	ani_set_id	r	b	scene_id
50	2832	-196	0	2848	-16	1
[TERRAINS]
# ---- BIG PLANT 1----
16	-32	50002
32	-32	50003
48	-32	50003
64	-32	50003
80	-32	50006
96	-32	50005
112	-32	50003
128	-32	50004
16	-48	50002
32	-48	50006
48	-48	50005
64	-48	50003
80	-48	50004
96	-48	50003
112	-48	50006
128	-48	50001
16	-64	50000
32	-64	50005
48	-64	50004
64	-64	50000
80	-64	50001
96	-64	50000
112	-64	50001
32	-80	50000
48	-80	50001
# ---- GRASS 1----
160	-32	50007
176	-32	50007
192	-32	50007
# ---- BOX 1----
240	-32	40017
256	-32	40018
272	-32	40019
288	-32	40027
304	-32	40028
240	-48	40014
256	-48	40015
272	-48	40016
288	-48	40024
304	-48	40025
240	-64	40011
256	-64	40012
272	-64	40013
288	-64	40024
304	-64	40025
272	-80	40023
288	-80	40024
304	-80	40025
272	-96	40020
288	-96	40021
304	-96	40022
#---- SHADOW 1----
288	-32	60000
288	-48	60000
288	-56	60001
320	-32	60000
320	-48	60000
320	-64	60000
320	-80	60000
320	-88	60001
#---- BOX 2----
400	-32	40046
416	-32	40047
432	-32	40047
448	-32	40047
464	-32	40048
480	-32	40018
496	-32	40018
512	-32	40046
528	-32	40047
544	-32	40047
560	-32	40047
576	-32	40047
592	-32	40048
400	-48	40043
416	-48	40044
432	-48	40044
448	-48	40044
464	-48	40045
480	-48	40015
496	-48	40015
512	-48	40040
528	-48	40041
544	-48	40041
560	-48	40041
576	-48	40041
592	-48	40042
400	-64	40040
416	-64	40041
432	-64	40041
448	-64	40041
464	-64	40042
480	-64	40015
496	-64	40015
512	-64	40016
528	-64	40034
544	-64	40034
560	-64	40035
464	-80	40014
480	-80	40015
496	-80	40015
512	-80	40016
528	-80	40034
544	-80	40034
560	-80	40035
464	-96	40011
480	-96	40012
496	-96	40012
512	-96	40013
528	-96	40034
544	-96	40034
560	-96	40035
512	-112	40033
528	-112	40034
544	-112	40034
560	-112	40035
512	-128	40030
528	-128	40031
544	-128	40031
560	-128	40032
#---- SHADOW 2----
480	-32	60000
480	-48	60000
480	-56	60001		
528	-64	60000
528	-80	60000
528	-88	60001
576	-64	60000
576	-80	60000
576	-96	60000
576	-112	60000
576	-120	60001		
608	-32	60000
608	-40	60001
#---- GRASS 2----
672	-48	50007
688	-48	50007
704	-48	50007
720	-48	50007
736	-48	50007
752	-48	50007
#---- BIG PLANT 2----
816	-48	50000
832	-48	50005
848	-48	50003
864	-48	50003
880	-48	50003
896	-48	50003
912	-48	50003
928	-48	50004
944	-48	50000
960	-48	50005
976	-48	50003
992	-48	50004
832	-64	50002
848	-64	50006
864	-64	50005
880	-64	50006
896	-64	50005
912	-64	50003
928	-64	50004
960	-64	50002
976	-64	50006
992	-64	50001
832	-80	50000
848	-80	50001
864	-80	50000
880	-80	50005
896	-80	50004
912	-80	50000
928	-80	50001
960	-80	50000
976	-80	50001
880	-96	50000
896	-96	50001
#---- GRASS 3----
1040	-48	50007
1056	-48	50007
#---- GRASS 4----
1184	-32	50007
1200	-32	50007
1216	-32	50007
#---- BOX 3----
1264	-32	40046
1280	-32	40047
1296	-32	40047
1312	-32	40047
1328	-32	40047
1344	-32	40047
1360	-32	40048
1376	-32	40018
1392	-32	40019
1408	-32	40027
1424	-32	40028
1264	-48	40040
1280	-48	40041
1296	-48	40041
1312	-48	40041
1328	-48	40041
1344	-48	40041
1360	-48	40042
1376	-48	40015
1392	-48	40016
1408	-48	40024
1424	-48	40025
1296	-64	40014
1312	-64	40015
1328	-64	40015
1344	-64	40015
1360	-64	40015
1376	-64	40015
1392	-64	40016
1408	-64	40024
1424	-64	40025
1296	-80	40011
1312	-80	40012
1328	-80	40012
1344	-80	40012
1360	-80	40012
1376	-80	40012
1392	-80	40013
1408	-80	40024
1424	-80	40025
1328	-96	40023
1344	-96	40024
1360	-96	40024
1376	-96	40024
1392	-96	40024
1408	-96	40024
1424	-96	40025		
1328	-112	40020
1344	-112	40021
1360	-112	40021
1376	-112	40021
1392	-112	40021
1408	-112	40021
1424	-112	40022	
#---- SHADOW 3----
1376	-32	60000
1376	-40	60001
1408	-32	60000
1408	-48	60000
1408	-64	60000
1408	-72	60001
1440	-32	60000
1440	-48	60000
1440	-64	60000
1440	-80	60000
1440	-96	60000
1440	-104	60001
#---- GRASS 5----
1728	-32	50007
1744	-32	50007
1760	-32	50007
#---- BIG PLANT 3----
1888	-32	50000
1904	-32	50005
1920	-32	50003
1936	-32	50004		
1904	-48	50002
1920	-48	50006
1936	-48	50001		
1904	-64	50000
1920	-64	50001
#---- BOX 4----
2144	-32	40017
2160	-32	40018
2176	-32	40019
2192	-32	40047
2208	-32	40048
2144	-48	40014
2160	-48	40015
2176	-48	40016
2192	-48	40044
2208	-48	40045
2144	-64	40011
2160	-64	40012
2176	-64	40013
2192	-64	40044
2208	-64	40045
2176	-80	40043
2192	-80	40044
2208	-80	40045		
2176	-96	40043
2192	-96	40044
2208	-96	40045		
2176	-112	40043
2192	-112	40044
2208	-112	40045		
2176	-128	40043
2192	-128	40044
2208	-128	40045		
2176	-144	40043
2192	-144	40044
2208	-144	40045		
2176	-160	40040
2192	-160	40041
2208	-160	40042	
#---- SHADOW 4----
2192	-32	60000
2192	-48	60000
2192	-56	60001		
2224	-32	60000
2224	-48	60000
2224	-64	60000
2224	-80	60000
2224	-96	60000
2224	-112	60000
2224	-128	60000
2224	-144	60000
2224	-152	60001
#---- BIG PLANT 4----
2368	-32	50002
2384	-32	50003
2400	-32	50003
2416	-32	50003
2432	-32	50003
2448	-32	50004		
2368	-48	50002
2384	-48	50003
2400	-48	50003
2416	-48	50003
2432	-48	50006
2448	-48	50001
2368	-64	50002
2384	-64	50003
2400	-64	50003
2416	-64	50003
2432	-64	50004
2368	-80	50000
2384	-80	50005
2400	-80	50003
2416	-80	50003
2432	-80	50004
2384	-96	50000
2400	-96	50005
2416	-96	50003
2432	-96	50004
2400	-112	50002
2416	-112	50003
2432	-112	50004		
2400	-128	50002
2416	-128	50006
2432	-128	50001		
2400	-144	50000
2416	-144	50001
#---- DARK----
2480	-32	60006
2480	-48	60006
2480	-64	60006
2480	-80	60006
2480	-96	60006
2480	-112	60006
2480	-128	60006
2480	-144	60006
2480	-160	60006
2480	-176	60006
2480	-192	60006
2480	-208	60006
2480	-224	60006
2480	-240	60006
2480	-256	60006
2480	-272	60006
2480	-288	60006
2480	-304	60006
2480	-320	60006
2480	-336	60006
2480	-352	60006
2480	-368	60006
2480	-384	60006
2480	-400	60006
2480	-416	60006
2480	-432	60006
2496	-32	60007
2496	-48	60007
2496	-64	60007
2496	-80	60007
2496	-96	60007
2496	-112	60007
2496	-128	60007
2496	-144	60007
2496	-160	60007
2496	-176	60007
2496	-192	60007
2496	-208	60007
2496	-224	60007
2496	-240	60007
2496	-256	60007
2496	-272	60007
2496	-288	60007
2496	-304	60007
2496	-320	60007
2496	-336	60007
2496	-352	60007
2496	-368	60007
2496	-384	60007
2496	-400	60007
2496	-416	60007
2496	-432	60007		
2512	-32	60007
2512	-48	60007
2512	-64	60007
2512	-80	60007
2512	-96	60007
2512	-112	60007
2512	-128	60007
2512	-144	60007
2512	-160	60007
2512	-176	60007
2512	-192	60007
2512	-208	60007
2512	-224	60007
2512	-240	60007
2512	-256	60007
2512	-272	60007
2512	-288	60007
2512	-304	60007
2512	-320	60007
2512	-336	60007
2512	-352	60007
2512	-368	60007
2512	-384	60007
2512	-400	60007
2512	-416	60007
2512	-432	60007		
2528	-32	60007
2528	-48	60007
2528	-64	60007
2528	-80	60007
2528	-96	60007
2528	-112	60007
2528	-128	60007
2528	-144	60007
2528	-160	60007
2528	-176	60007
2528	-192	60007
2528	-208	60007
2528	-224	60007
2528	-240	60007
2528	-256	60007
2528	-272	60007
2528	-288	60007
2528	-304	60007
2528	-320	60007
2528	-336	60007
2528	-352	60007
2528	-368	60007
2528	-384	60007
2528	-400	60007
2528	-416	60007
2528	-432	60007		
2544	-32	60007
2544	-48	60007
2544	-64	60007
2544	-80	60007
2544	-96	60007
2544	-112	60007
2544	-128	60007
2544	-144	60007
2544	-160	60007
2544	-176	60007
2544	-192	60007
2544	-208	60007
2544	-224	60007
2544	-240	60007
2544	-256	60007
2544	-272	60007
2544	-288	60007
2544	-304	60007
2544	-320	60007
2544	-336	60007
2544	-352	60007
2544	-368	60007
2544	-384	60007
2544	-400	60007
2544	-416	60007
2544	-432	60007		
2560	-32	60007
2560	-48	60007
2560	-64	60007
2560	-80	60007
2560	-96	60007
2560	-112	60007
2560	-128	60007
2560	-144	60007
2560	-160	60007
2560	-176	60007
2560	-192	60007
2560	-208	60007
2560	-224	60007
2560	-240	60007
2560	-256	60007
2560	-272	60007
2560	-288	60007
2560	-304	60007
2560	-320	60007
2560	-336	60007
2560	-352	60007
2560	-368	60007
2560	-384	60007
2560	-400	60007
2560	-416	60007
2560	-432	60007
2576	-32	50008
2576	-48	60007
2576	-64	60007
2576	-80	60007
2576	-96	60007
2576	-112	60007
2576	-128	60007
2576	-144	60007
2576	-160	60007
2576	-176	60007
2576	-192	60007
2576	-208	60007
2576	-224	60007
2576	-240	60007
2576	-256	60007
2576	-272	60007
2576	-288	60007
2576	-304	60007
2576	-320	60007
2576	-336	60007
2576	-352	60007
2576	-368	60007
2576	-384	60007
2576	-400	60007
2576	-416	60007
2576	-432	60007
2592	-32	50009
2592	-48	50010
2592	-64	50010
2592	-80	50010
2592	-96	50010
2592	-112	50008
2592	-128	60007
2592	-144	60007
2592	-160	60007
2592	-176	60007
2592	-192	60007
2592	-208	60007
2592	-224	60007
2592	-240	60007
2592	-256	60007
2592	-272	60007
2592	-288	60007
2592	-304	60007
2592	-320	60007
2592	-336	60007
2592	-352	60007
2592	-368	60007
2592	-384	60007
2592	-400	60007
2592	-416	60007
2592	-432	60007
2608	-32	60007
2608	-48	60007
2608	-64	60007
2608	-80	50008
2608	-96	50011
2608	-112	50009
2608	-128	60007
2608	-144	60007
2608	-160	60007
2608	-176	60007
2608	-192	60007
2608	-208	60007
2608	-224	60007
2608	-240	60007
2608	-256	60007
2608	-272	60007
2608	-288	60007
2608	-304	60007
2608	-320	60007
2608	-336	60007
2608	-352	60007
2608	-368	60007
2608	-384	60007
2608	-400	60007
2608	-416	60007
2608	-432	60007
2624	-32	60007
2624	-48	50008
2624	-64	50011
2624	-80	50009
2624	-96	60007
2624	-112	60007
2624	-128	60007
2624	-144	60007
2624	-160	60007
2624	-176	60007
2624	-192	60007
2624	-208	60007
2624	-224	60007
2624	-240	60007
2624	-256	60007
2624	-272	60007
2624	-288	60007
2624	-304	60007
2624	-320	60007
2624	-336	60007
2624	-352	60007
2624	-368	60007
2624	-384	60007
2624	-400	60007
2624	-416	60007
2624	-432	60007
2640	-32	50011
2640	-48	50009
2640	-64	60007
2640	-80	60007
2640	-96	60007
2640	-112	60007
2640	-128	60007
2640	-144	60007
2640	-160	60007
2640	-176	60007
2640	-192	60007
2640	-208	60007
2640	-224	60007
2640	-240	60007
2640	-256	60007
2640	-272	60007
2640	-288	60007
2640	-304	60007
2640	-320	60007
2640	-336	60007
2640	-352	60007
2640	-368	60007
2640	-384	60007
2640	-400	60007
2640	-416	60007
2640	-432	60007
2656	-32	60007
2656	-48	60007
2656	-64	60007
2656	-80	60007
2656	-96	60007
2656	-112	60007
2656	-128	60007
2656	-144	60007
2656	-160	60007
2656	-176	60007
2656	-192	60007
2656	-208	60007
2656	-224	60007
2656	-240	60007
2656	-256	60007
2656	-272	60007
2656	-288	60007
2656	-304	60007
2656	-320	60007
2656	-336	60007
2656	-352	60007
2656	-368	60007
2656	-384	60007
2656	-400	60007
2656	-416	60007
2656	-432	60007
2672	-32	60007
2672	-48	60007
2672	-64	60007
2672	-80	60007
2672	-96	50014
2672	-112	50012
2672	-128	60007
2672	-144	60007
2672	-160	60007
2672	-176	60007
2672	-192	60007
2672	-208	60007
2672	-224	60007
2672	-240	60007
2672	-256	60007
2672	-272	60007
2672	-288	60007
2672	-304	60007
2672	-320	60007
2672	-336	60007
2672	-352	60007
2672	-368	60007
2672	-384	60007
2672	-400	60007
2672	-416	60007
2672	-432	60007
2688	-32	60007
2688	-48	60007
2688	-64	60007
2688	-80	60007
2688	-96	50015
2688	-112	50013
2688	-128	60007
2688	-144	60007
2688	-160	60007
2688	-176	60007
2688	-192	60007
2688	-208	60007
2688	-224	60007
2688	-240	60007
2688	-256	60007
2688	-272	60007
2688	-288	60007
2688	-304	60007
2688	-320	60007
2688	-336	60007
2688	-352	60007
2688	-368	60007
2688	-384	60007
2688	-400	60007
2688	-416	60007
2688	-432	60007
2704	-32	60007
2704	-48	60007
2704	-64	60007
2704	-80	60007
2704	-96	60007
2704	-112	60007
2704	-128	60007
2704	-144	60007
2704	-160	60007
2704	-176	60007
2704	-192	60007
2704	-208	60007
2704	-224	60007
2704	-240	60007
2704	-256	60007
2704	-272	60007
2704	-288	60007
2704	-304	60007
2704	-320	60007
2704	-336	60007
2704	-352	60007
2704	-368	60007
2704	-384	60007
2704	-400	60007
2704	-416	60007
2704	-432	60007		
2720	-32	60007
2720	-48	60007
2720	-64	60007
2720	-80	60007
2720	-96	60007
2720	-112	60007
2720	-128	60007
2720	-144	60007
2720	-160	60007
2720	-176	60007
2720	-192	60007
2720	-208	60007
2720	-224	60007
2720	-240	60007
2720	-256	60007
2720	-272	60007
2720	-288	60007
2720	-304	60007
2720	-320	60007
2720	-336	60007
2720	-352	60007
2720	-368	60007
2720	-384	60007
2720	-400	60007
2720	-416	60007
2720	-432	60007		
2736	-32	60007
2736	-48	60007
2736	-64	60007
2736	-80	60007
2736	-96	60007
2736	-112	60007
2736	-128	60007
2736	-144	60007
2736	-160	60007
2736	-176	60007
2736	-192	60007
2736	-208	60007
2736	-224	60007
2736	-240	60007
2736	-256	60007
2736	-272	60007
2736	-288	60007
2736	-304	60007
2736	-320	60007
2736	-336	60007
2736	-352	60007
2736	-368	60007
2736	-384	60007
2736	-400	60007
2736	-416	60007
2736	-432	60007
2752	-32	50008
2752	-48	60007
2752	-64	60007
2752	-80	60007
2752	-96	60007
2752	-112	60007
2752	-128	60007
2752	-144	60007
2752	-160	60007
2752	-176	60007
2752	-192	60007
2752	-208	60007
2752	-224	60007
2752	-240	60007
2752	-256	60007
2752	-272	60007
2752	-288	60007
2752	-304	60007
2752	-320	60007
2752	-336	60007
2752	-352	60007
2752	-368	60007
2752	-384	60007
2752	-400	60007
2752	-416	60007
2752	-432	60007		
2768	-32	50009
2768	-48	50010
2768	-64	50008
2768	-80	60007
2768	-96	60007
2768	-112	60007
2768	-128	60007
2768	-144	60007
2768	-160	60007
2768	-176	60007
2768	-192	60007
2768	-208	60007
2768	-224	60007
2768	-240	60007
2768	-256	60007
2768	-272	60007
2768	-288	60007
2768	-304	60007
2768	-320	60007
2768	-336	60007
2768	-352	60007
2768	-368	60007
2768	-384	60007
2768	-400	60007
2768	-416	60007
2768	-432	60007		
2784	-32	50011
2784	-48	50011
2784	-64	50009
2784	-80	60007
2784	-96	60007
2784	-112	60007
2784	-128	60007
2784	-144	60007
2784	-160	60007
2784	-176	60007
2784	-192	60007
2784	-208	60007
2784	-224	60007
2784	-240	60007
2784	-256	60007
2784	-272	60007
2784	-288	60007
2784	-304	60007
2784	-320	60007
2784	-336	60007
2784	-352	60007
2784	-368	60007
2784	-384	60007
2784	-400	60007
2784	-416	60007
2784	-432	60007		
2800	-32	60007
2800	-48	60007
2800	-64	60007
2800	-80	60007
2800	-96	60007
2800	-112	60007
2800	-128	60007
2800	-144	60007
2800	-160	60007
2800	-176	60007
2800	-192	60007
2800	-208	60007
2800	-224	60007
2800	-240	60007
2800	-256	60007
2800	-272	60007
2800	-288	60007
2800	-304	60007
2800	-320	60007
2800	-336	60007
2800	-352	60007
2800	-368	60007
2800	-384	60007
2800	-400	60007
2800	-416	60007
2800	-432	60007
#---- CLOUND----
112	-160	60004
128	-160	60005
112	-176	60002
128	-176	60003
128	-160	60004
144	-160	60005
128	-176	60002
144	-176	60003
320	-192	60004
336	-192	60005
320	-208	60002
336	-208	60003
656	-160	60004
672	-160	60005
656	-176	60002
672	-176	60003		
736	-112	60004
752	-112	60005
736	-128	60002
752	-128	60003
752	-112	60004
768	-112	60005
752	-128	60002
768	-128	60003
768	-112	60004
784	-112	60005
768	-128	60002
784	-128	60003
1184	-144	60004
1200	-144	60005
1184	-160	60002
1200	-160	60003
1664	-144	60004
1680	-144	60005
1664	-160	60002
1680	-160	60003
1680	-144	60004
1696	-144	60005
1680	-160	60002
1696	-160	60003
1696	-144	60004
1712	-144	60005
1696	-160	60002
1712	-160	60003
2336	-128	60004
2352	-128	60005
2336	-144	60002
2352	-144	60003
#---- SMILE CLOUND----
1408	-240	60008
1424	-240	60008
1440	-240	60008
1456	-240	60008
1488	-256	60008
1504	-256	60008
1520	-256	60008
1536	-256	60008
1552	-256	60008
1568	-256	60008
1584	-256	60008
1600	-256	60008
1616	-256	60008
1632	-256	60008
1648	-256	60008
1664	-256	60008
1680	-256	60008
#---- BOX 5----
1312	-272	40017
1328	-272	40018
1344	-272	40018
1360	-272	40019		
1312	-288	40011
1328	-288	40012
1344	-288	40012
1360	-288	40013
#---- SHADOW 5----
1320	-256	60009
1328	-256	60010
1344	-256	60010
1360	-256	60010
1376	-256	60011
1376	-272	60000
1376	-280	60001
[EFFECT]
10	48	48	46
20	48	48	46
20	48	48	46	
[SCOREBOARD]
#ScoreBoard
0	22000
#Suare
1	23000
#BackGround Hud
3	24000
#FONT
#Background Font
2	4	15	0	43	-1
#World Number - 0
2	38	8	1	40	0
#Speed State - 1	
2	52	8	2	41	1
2	60	8	2	41	1
2	68	8	2	41	1
2	76	8	2	41	1
2	84	8	2	41	1
2	92	8	2	41	1
#Speed Max State - 2
2	102	8	3	42	2
#Number of Coins - 3
2	134	8	1	40	3
2	142	8	1	40	3
#Mario Life - 4
2	38	16	1	40	4
#Scores - 5
2	52	16	1	40	5
2	60	16	1	40	5
2	68	16	1	40	5
2	76	16	1	40	5
2	84	16	1	40	5
2	92	16	1	40	5
2	100	16	1	40	5
#Time - 6
2	126	16	1	40	6
2	134	16	1	40	6
2	142	16	1	40	6

