# id	file_path	transparent_color_r	g	b
[TEXTURES]
0	textures\mario1.png	255	255	255
1	textures\mario.png	255	255	255
10	textures\enemies.png	3	26	110
20	textures\tiles.png	4	193	170
25	textures\GreenBrick.png	255	255	255
26	textures\brick4.png	255	255	255
27	textures\Green4.png	255	255	255
30	textures\tile.png	255	128	192
40	textures\enemiesl.png	0	128	128
45	textures\enemiesr.png	0	130	130
48	textures\enemiesd.png	0	128	128
50	textures\flowerr.png	255	255	255
60	textures\flowerl.png	255	255	255
70	textures\misc1.png	166	185	255
80	textures\misc.png	176	224	248
85	textures\hudbg.png	255	255	255
90	textures\hud.png	81	255	191
95	textures\hud2.png	232	226	1
96	textures\message.png	255	255	255


#Mario:  10000
#Misc:	 20000
#Brick:  30000,40000
#Goomba: 70000
#Koopas: 80000
#colorful box: 40000
#fireFlower: 90000
#terrain on ground: 50000
#terrain on air: 60000
#hud	:21000
# id	left	top	right	bottom	texture_id
[SPRITES]
# BIG MARIO 
# idle right
10001	216	243	230	270	0
# walk
10002	255	243	271	270	0		
10003	295	244	311	270	0
# change direction to right
10004	175	283	191	311	0
# jump right
10005	335	244	351	270	0
# running right fast
10006	213	323	232	350	0
10007	253	323	272	350	0
10008	293	324	312	350	0
#idle right hold koopas
10101	331	323	345	350	0
#walk right hold koopas
10102	356	323	371	350	0
10103	381	323	396	350	0
#duck right
10301	376	248	390	266	0
#fly right
10302	333	364	352	390	0
# idle left
10011	176	243	190	270	0
#walk
10012	135	243	151	270	0
10013	95	244	111	270	0
# change direction to left
10014	215	283	231	311	0
# jump left
10015	55	244	71	270	0
# running left fast
10016	174	323	193	350	0
10017	134	323	153	350	0
10018	94	324	113	350	0
#ilde left hold koopas
10111	61	323	75	350	0
#walk left hold koopas
10112	35	323	50	350	0
10113	10	323	25	350	0
#duck left
10311	16	248	30	266	0
#fly left
10312	54	364	73	390	0
# die 
10099	15	209	31	225	0
# SMALL MARIO
# idle small right
10021	217	89	229	104	0
# walk
10022	256	89	271	105	0
# change direction to right
10024	176	129	190	145	0
# jump right
10025	335	89	351	105	0
#running right fast
10023	215	169	231	185	0
10026	255	169	271	185	0
#hold koopas idle right
10121	336	169	350	185	0
#hold koopas walk right
10122	376	169	391	185	0	
# idle small left
10031	177	89	189	104	0
# walk
10032	135	89	150	105	0
# change direction to left
10034	216	129	230	145	0
# jump left
10035	55	89	71	105	0
# running left fast
10033	175	169	188	185	0
10036	135	169	151	185	0
# hold koopas idle left
10131	56	169	70	185	0
# hold koopas walk left
10132	15	169	30	185	0
# TAIL MARIO
#idle right
10041	212	443	233	471	0
#walk
10042	236	443	259	471	0
10043	262	443	284	471	0
10148	291	443	314	470	0
#change direction to right
10044	175	482	191	512	0
#jump right
10045	331	443	354	470	0
#running fast right
10046	211	523	235	551	0
10047	251	523	275	551	0
10048	291	523	315	550	0
#fly right
10049	291	603	315	631	0
10050	331	603	355	630	0
10145	371	603	395	630	0
#hold koopas idle right
10141	322	523	343	551	0
#hold koopas walk right
10142	351	523	373	551	0
10143	381	523	404	550	0
#front 
10144	355	483	371	511	0
#fly fall right
10146	211	603	234	630	0
10147	252	603	274	631	0
#duck right
10341	372	448	394	466	0
#idle left
10051	173	443	194	471	0
#walk
10052	147	443	170	471	0
10053	122	443	144	471	0
10158	92	443	115	470	0
#change direction to left
10054	215	482	231	512	0
#jump left
10055	52	443	75	470	0
#running fast left
10056	171	523	195	551	0
10057	131	523	155	551	0
10058	91	523	115	550	0
#fly left
10059	91	603	115	631	0
10060	51	603	75	630	0
10155	11	603	35	630	0
#hold koopas idle left
10151	63	523	84	551	0
#hold koopas walk left
10152	33	523	55	551	0
10153	2	523	25	550	0
#back
10154	0	483	16	511	0
#fly fall left
10156	172	603	195	630	0
10157	132	603	154	631	0
#duck left
10351	12	448	34	466	0	
# FIRE MARIO
#idle right
10061	216	683	230	710	0
#walk
10062	255	683	271	710	0
10063	295	684	311	710	0
#change direction to right
10064	175	723	191	751	0
#jump right
10065	335	684	351	710	0
#runnning fast right
10066	213	763	232	790	0	
10067	253	763	272	790	0
10068	293	764	312	790	0
#hold koopas idle right
10161	331	763	345	790	0
#attack right
10164	366	803	380	830	0
10165	386	803	400	830	0
#duck right
10361	376	688	390	706	0
#fly right
10362	333	804	352	830	0
#idle left
10071	176	683	190	710	0
#walk
10072	135	683	151	710	0
10073	95	684	111	710	0
#change direction to left
10074	215	723	231	751	0
#jump left
10075	55	684	71	710	0
#running fast left
10076	174	763	193	790	0
10077	134	763	153	790	0
10078	94	764	113	790	0
#hold koopas idle left
10171	61	763	75	790	0
#attack left
10174	26	803	40	830	0
10175	6	803	20	830	0
#duck left
10371	16	688	30	706	0
#fly left
10372	54	804	73	830	0	
#fire ball right
10201	240	554	248	562	1
10202	258	553	266	562	1
10203	258	574	266	582	1
10204	240	573	248	582	1
#fire ball left
10211	198	554	206	562	1
10212	180	553	188	562	1
10213	180	574	188	582	1
10214	198	573	206	582	1
#COIN BOUNTY
20000	334	100	348	116	70
20001	294	101	302	115	70
20002	321	101	325	115	70
20003	372	100	382	116	70
20004	357	100	363	116	70
#Red mushroom
20005	156	121	172	137	70
#Green mushroom
20006	286	120	302	137	70
#Power leaf
20007	180	123	196	137	70
#Bounty Button
20008	156	144	172	160	70
20009	178	144	194	160	70
20010	200	153	216	160	70
#ScoreBoard
22000	11	127	165	157	90
#Square
23000	171	127	245	157	90
#Square Mushroom
23001	188	165	204	181	90
#Square Flower
23002	212	165	228	181	90
#Square Star
23003	236	165	252	181	90
#BackGround Hud
24000	0	0	272	32	85
#Message Mystery Piece
24001	0	151	248	224	96
24002	0	75	248	149	96
24003	0	0	248	73	96
#Number
21000	77	31	85	38	90
21001	88	31	94	38	90
21002	97	31	105	38	90
21003	107	31	115	38	90
21004	117	31	125	38	90
21005	127	31	135	38	90
21006	137	31	145	38	90
21007	147	31	155	39	90
21008	157	31	165	38	90
21009	167	31	175	38	90
#state
21010	27	0	35	7	95
21011	0	0	8	7	95
#state max
21012	36	0	51	7	95
21013	9	0	24	7	95
#font normal
21014	15	160	33	169	90
#effect cloud
25001	527	20	543	36	80
25002	546	22	559	34	80
25003	560	21	573	34	80
25004	575	21	588	33	80
#WEAK BRICK
30000	52	52	68	68	20
30001	69	52	85	68	20
30002	86	52	102	68	20
30003	103	52	119	68	20
#FRAGMENT OF WEAK BRICK
30100	484	120	492	128	80
#LEFT UPPER WATER PIPE
30004	171	69	187	85	20
#RIGHT UPPER WATER PIPE
30005	188	69	204	85	20
#LEFT CENTER WATER PIPE
30006	171	86	187	102	20
#RIGHT CENTER WATER PIPE
30007	188	86	204	102	20
#BLACK PIPE VERTICAL
#LEFT UPPER WATER PIPE
30008	120	375	135	391	20
#RIGHT UPPER WATER PIPE
30009	136	375	153	391	20
#LEFT CENTER WATER PIPE
30010	156	375	171	391	20
#RIGHT CENTER WATER PIPE
30011	172	375	186	391	20
#LEFT LOWER WATER PIPE
30012	188	375	203	391	20
#RIGHT LOWER WATER PIPE
30013	204	375	221	391	20
#BLACK PIPE HORIZONTAL
#CENTER WATER PIPE
30014	239	359	255	374	20
30015	239	375	255	390	20
# UPPER CENTER GROUND BRICK
40000	18	1	34	17	20
# LOWER CENTER GROUND BRICK
40001	18	18	34	34	20
# UPPER LEFT GROUND BRICK
40002	1	1	17	17	20
# UPPER RIGHT GROUND BRICK
40003	35	1	51	17	20
# LOWER LEFT GROUND BRICK
40004	1	18	17	34	20
# LOWER RIGHT GROUND BRICK
40005	35	18	51	34	20
#brick with question mark animation
40006	120	52	136	68	20
40007	137	52	153	68	20
40008	154	52	170	68	20
40009	171	52	187	68	20
#SOLID BRICK
40010	1	52	17	68	20
#BLUE BRICK
40051	494	222	510	238	20
#EMPTY BRICK
40050	188	52	204	68	20


#GOOMBA
70001	5	14	21	29	10
70002	25	14	41	29	10
#die
70003	45	21	61	29	10
#kicked out
70004	262	292	278	308	48
#fly walk
70005	58	84	78	103	45
70006	79	84	99	103	45
#fly jump
70007	100	79	120	103	45
70008	121	79	141	103	45
#goomba red walk
70009	331	108	347	124	45
70010	348	108	364	124	45
#goomba red die
70011	314	115	330	124	45
#goomba	red kick out
70012	331	292	347	308	48
#KOOPAS
#level normal
#walk left
80001	205	191	221	217	40
80002	222	191	238	217	40
#walk right
80011	187	191	202	217	40
80012	170	191	185	217	40
#defense
80021	239	202	255	218	40
80022	256	202	272	218	40
80023	273	202	289	218	40
80024	290	202	306	218	40
#kicked out
80025	279	198	295	214	48
#level fly
#walk left
80031	256	249	272	276	40
80032	239	249	255	276	40
80033	222	250	238	276	40
80034	205	248	221	276	40
#walk right
80041	262	249	278	276	45
80042	279	249	295	276	45
80043	296	250	312	276	45
80044	313	248	329	276	45
#FIRE FLOWER 
#right upper
90001	222	126	238	158	50
90002	239	126	255	158	50
#right lower
90003	256	126	272	158	50
90004	273	126	289	158	50
#left upper
90005	201	126	217	158	60
90006	184	126	200	158	60
#left lower
90007	167	126	183	158	60
90008	150	126	166	158	60
#PIRANHA
90011	38	101	54	124	60
90012	57	100	72	124	60
# UPPER LEFT PLANT
50000	137	1	153	17	30
#UPPER RIGHT PLANT
50001	154	1	170	17	30
# CENTER LEFT PLANT
50002	137	18	153	34	30
# CENTER PLANT
50003	137	52	153	68	30
# CENTER RIGHT PLANT
50004	154	18	170	34	30
# LOWER LEFT PLANT
50005	137	35	153	51	30
# LOWER RIGHT PLANT
50006	154	35	170	51	30
# GRASS
50007	222	205	238	221	30
# DARK UPPER LEFT PLANT
50008	103	1	119	17	30
# DARK UPPER RIGHT PLANT
50009	120	1	136	17	30
# DARK CENTER LEFT PLANT
50010	103	18	119	34	30
# DARK CENTER RIGHT PLANT
50011	120	18	136	34	30
# DARK UPPER LEFT BOX
50012	137	86	153	102	30
# DARK UPPER RIGHT BOX
50013	154	86	170	102	30
# DARK LOWER LEFT BOX
50014	137	103	153	119	30
# DARK LOWER RIGHT BOX
50015	154	103	170	119	30
# BIG GREEN BRICK SCENCE 4
50016	0	0	160	80	25
# SOLID BRICK SCENCE 4
50017	0	0	129	33	26
# SOLID BRICK GREEN SCENCE 4
50018	0	0	48	33	27
# GREEN BRICK UPPER 
50019	1	120	17	136	20
50020	18	120	34	136	20
50021	35	120	51	136	20
#GREEN BRICK LOWER
50022	1	137	17	153	20
50023	18	137	34	153	20
50024	35	137	51	153	20	
#LEFT UPPER PINK BOX
40011	1	52	17	68	30
#CENTER UPPER PINK BOX
40012	18	52	34	68	30
#RIGHT UPPER PINK BOX
40013	35	52	51	68	30
#LEFT CENTER PINK BOX
40014	1	69	17	85	30
#CENTER PINK BOX
40015	18	69	34	85	30
#RIGHT CENTER PINK BOX
40016	35	69	51	85	30
#LEFT LOWER PINK BOX
40017	1	86	17	102	30
#CENTER LOWER PINK BOX
40018	18	86	34	102	30
#RIGHT LOWER PINK BOX
40019	35	86	51	102	30
#LEFT UPPER BLUE BOX
40020	52	52	68	68	30
#CENTER UPPER BLUE BOX
40021	69	52	85	68	30
#RIGHT UPPER BLUE BOX
40022	86	52	102	68	30
#LEFT CENTER BLUE BOX
40023	52	69	68	85	30
#CENTER BLUE BOX
40024	69	69	85	85	30
#RIGHT CENTER BLUE BOX
40025	86	69	102	85	30
#LEFT LOWER BLUE BOX
40026	52	86	68	102	30
#CENTER LOWER BLUE BOX
40027	69	86	85	102	30
#RIGHT LOWER BLUE BOX
40028	86	86	102	102	30
#LEFT UPPER WHITE BOX
40030	1	1	17	17	30
#CENTER UPPER WHITE BOX
40031	18	1	34	17	30
#RIGHT UPPER WHITE BOX
40032	35	1	51	17	30
#LEFT CENTER WHITE BOX
40033	1	18	17	34	30
#CENTER WHITE BOX
40034	18	18	34	34	30
#RIGHT CENTER WHITE BOX
40035	35	18	51	34	30
#LEFT LOWER WHITE BOX
40036	1	35	17	51	30
#CENTER LOWER WHITE BOX
40037	18	35	34	51	30
#RIGHT LOWER WHITE BOX
40038	35	35	51	51	30
#LEFT UPPER GREEN BOX
40040	52	1	68	17	30
#CENTER UPPER GREEN BOX
40041	69	1	85	17	30
#RIGHT UPPER GREEN BOX
40042	86	1	102	17	30
#LEFT CENTER GREEN BOX
40043	52	18	68	34	30
#CENTER GREEN BOX
40044	69	18	85	34	30
#RIGHT CENTER GREEN BOX
40045	86	18	102	34	30
#LEFT LOWER GREEN BOX
40046	52	35	68	51	30
#CENTER LOWER GREEN BOX
40047	69	35	85	51	30
#RIGHT LOWER GREEN BOX
40048	86	35	102	51	30
# BIG SIDE SHADOW
60000	103	86	111	102	30
# SMALL SIDE SHADOW
60001	103	77	111	85	30
# LEFT UPPER CLOUD
60002	188	189	204	205	30
# RIGHT UPPER CLOUD
60003	206	189	222	205	30
# LEFT LOWER CLOUD
60004	188	205	204	213	30
# RIGHT LOWER CLOUD
60005	206	205	221	212	30
# MISSING DARK
60006	103	52	119	68	30
# FULL DARK
60007	120	52	136	68	30
# SMILE CLOUD
60008	222	188	238	204	30
# LEFT LOWER SHADOW
60009	77	103	85	111	30
# CENTER LOWER SHADOW
60010	86	103	102	111	30
# RIGHT LOWER SHADOW
60011	103	103	111	111	30
	

# ani_id	sprite1_id	time1	sprite2_id	time2	...
[ANIMATIONS]
# ==== MARIO =========
#idle BIG right
400	10001	100
#idle BIG left
401	10011	100
#idle small right
402	10021	100
#idle small left
403	10031	100
#walk right big
500	10001	100	10002	100	10003	100
#walk left big
501	10011	100	10012	100	10013	100
#walk right small
502	10021	100	10022	100	10023	100
#walk left small
503	10031	100	10032	100	10033	100
#change direction right big
504	10004	100	10004	100
#change direction left big
505	10014	100	10014	100
#jump right big
506	10005	100
#jump left big
507	10015	100
#change direction right small
508	10024	100	10024	100
#change direction left small
509	10034	100	10034	100
#jump right small
510	10025	100
#jump left small
511	10035	100
#idle tail right
512	10041	100
#idle tail left
513	10051	100
#walk right tail
514	10041	100	10042	100	10043	100	10148	100
#walk left tail
515	10051	100	10052	100	10053	100	10158	100
#change direction right tail
516	10044	100	10044	100
#change direction left tail
517	10054	100	10054	100
#jump right tail
518	10045	100
#jump left tail
519	10055	100
#idle fire right
520	10061	100
#idle fire left
521	10071	100
#walk right fire
522	10061	100	10062	100	10063	100
#walk left fire
523	10071	100	10072	100	10073	100
#change direction right fire
524	10064	100	10064	100
#change direction left fire
525	10074	100	10074	100
#jump right
526	10065	100
#jump left
527	10075	100
#running right fast big
528	10006	100	10007	100	10008	100
#running left fast big
529	10016	100	10017	100	10018	100
#running right fast tail
530	10046	100	10047	100	10048	100
#running left fast tail
531	10056	100	10057	100	10058	100
#running right fast fire
532	10066	100	10067	100	10068	100
#running left fast fire
533	10076	100	10077	100	10078	100
#running right fast small
534	10026	100	10022	100	10023	100
#running left fast small
535	10036	100	10032	100	10033	100
#fly right
541	10049	100	10050	100	10145	100
#fly left
542	10059	100	10060	100	10155	100
#fly fall right
543	10146	100	10147	100
#fly fall left
544	10156	100	10157	100
#attack tail right
545	10041	50	10042	50	10144	50	10052	50	10154	50	10042	50	10041	50
#attack tail left
546	10051	50	10052	50	10144	50	10042	50	10154	50	10052	50	10051	50	
#attack fire right
547	10164	100	10165	100
548	10174	100	10175	100	
#HOLD KOOPAS
#big idle right
549	10101	100
#big walk right
550	10101	100	10102	100	10103	100
#big idle left
551	10111	100	
#big walk left
552	10111	100	10112	100	10113	100	
#small idle right
553	10121	100	
#small walk right
554	10121	100	10122	100
#small idle left
555	10131	100	
#small walk left
556	10131	100	10132	100
#tail idle right
557	10141	100
#tail walk right
558	10141	100	10142	100	10143	100
#tail idle left
559	10151	100
#tail walk left
560	10151	100	10152	100	10153	100
#front cross pipe
561	10144	100
#big duck right
562	10301	100
#big duck left
563	10311	100
#tail duck right
564	10341	100
#tail duck left	
565	10351	100
#fire duck right
566	10361	100
#fire duck left
567	10371	100

#die
599	10099	100
# ==== BOUNTY  =========
# Normal coin
200	20000	300	20001	300	20002	300	20003	300	20004	300
# Hidden coin
201	20001	200	20002	200	20003	200	20004	200
# Red mushroom
202	20005	100
# Super leaf
203	20007	100
# Green mushroom
204	20006	100
# Bounty button normal
205	20008	100	20009	100
# Bounty button pressed
206	20010	100	
# ==== FIRE BALL  =========
#fire ball right
300	10201	100	10202	100	10203	100	10204	100		
#fire ball left
301	10211	100	10212	100	10213	100	10214	100
	
# ==== GOOMBA  =========
# walk
701	70001	100	70002	100
# die
702	70003	100
#kick out 
707	70004	100
#GOOMBA RED
# walk
711	70009	100	70010	100
#die
712	70011	100
#fly walk
713	70005	100	70006	100
#fly jump
714	70007	100	70008	100
#kick out
715	70012	100
# ==== FIRE FLOWER  =========
703	90001	500	90002	500
704	90003	500	90004	500
705	90005	500	90006	500
706	90007	500	90008	500
#=====PIRANHA=====
709	90011	100	90012	100
# ==== KOOPAS  =========
#walk left normal
801	80001	100	80002	100
#walk right normal
802	80011	100	80012	100
#defense static
804	80021	100
#defense dynamic
805	80021	100	80022	100	80023	100	80024	100
#walk left fly
806	80031	100	80032	100	80033	100	80034	100
#walk right fly
807	80041	100	80042	100	80043	100	80044	100
#kick out
808	80025	100
# ==== UPPER CENTER GROUND BRICK =========
600	40000	100
# ==== LOWER CENTER GROUND BRICK =========
601	40001	100
# ==== UPPER LEFT GROUND BRICK =========
602	40002	100
# ==== UPPER RIGHT GROUND BRICK =========
603	40003	100
# ==== LOWER LEFT GROUND BRICK =========
604	40004	100
# ==== LOWER RIGHT GROUND BRICK =========
605	40005	100
# ==== QUESTION MARK BRICK =========
606	40006	100	40007	100	40008	100	40009	100
# ==== SOLID BRICK =========
607	40010	100
# ==== WEAK BRICK =========
608	30000	100	30001	100	30002	100	30003	100
# ==== LEFT UPPER WATER PIPE =========
609	30004	100
# ==== RIGHT UPPER WATER PIPE =========
610	30005	100
# ==== LEFT CENTER WATER PIPE =========
611	30006	100
# ==== RIGHT CENTER WATER PIPE =========
612	30007	100
# ==== EMPTY BRICK =========
613	40050	100
# ==== BLUE BRICK =========
614	40051	100
#======LEFT UPPER WATER PIPE======
615	30008	100
#=======RIGHT UPPER WATER PIPE======
616	30009	100
#=======LEFT CENTER WATER PIPE=====
617	30010	100
#======RIGHT CENTER WATER PIPE=====
618	30011	100
#====LEFT LOWER WATER PIPE=====
619	30012	100
#=======RIGHT LOWER WATER PIPE======
620	30013	100
#=======FRAGMENT OF WEAK BRICK======
623	30100	100
#BLACK PIPE VERTICAL
#CENTER WATER PIPE
621	30010	100
622	30011	100
#LOWER WATER PIPE
624	30012	100
625	30013	100
#NUMBER FONT
#NUMBER	0
650	21000	100
#NUMBER	1
651	21001	100
#NUMBER	2
652	21002	100
#NUMBER	3
653	21003	100
#NUMBER	4
654	21004	100
#NUMBER	5
655	21005	100
#NUMBER	6
656	21006	100
#NUMBER	7
657	21007	100
#NUMBER	8
658	21008	100
#NUMBER 9
659	21009	100
#STATE FONT
660	21010	10
661	21011	10
#STATE MAX FONT
662	21012	100
663	21013	100
#BACKGROND FONT
664	21014	100
#Square Mushroom
665	23001	100
#Square Flower
666	23002	100
#Square Star
667	23003	100
#Message Mushroom
668	24001	100
#Message Flower
669	24002	100
#Message star
670	24003	100
# EFFECT CLOUND
671	25001	50	25002	50	25003	50	25004	50
#EFFECT SMALL BIG RIGHT
672	10021	100	10001	100
#EFFECT SMALL BIG LEFT
673	10031	100	10011	100
#BRICK SCENCE 4
674	50019	100
675	50020	100
676	50021	100
677	50022	100	
678	50023	100
679	50024	100	
#
# id	ani1	ani2	ani3
#
[ANIMATION_SETS]
# MARIO
1	400	401	402	403	500	501	502	503	504	505	506	507	508	509	510	511	512	513	514	515	516	517	518	519	520	521	522	523	524	525	526	527	528	529	530	531	532	533	534	535	541	542	543	544	545	546	547	548	549	550	551	552	553	554	555	556	557	558	559	560	561	562	563	564	565	566	567	599
# GOOMBA
3	701	702	707
#KOOPAS
4	801	802	804	805	806	807	808
#FIRE BALL
5	300	301
#FIRE FLOWER
6	703	704	705	706
#Bounty
7	201	202	203	204
#Coin
8	200
# UPPER CENTER GROUND BRICK
20	600
# LOWER CENTER GROUND BRICK
21	601
# UPPER LEFT GROUND BRICK
22	602
# UPPER RIGHT GROUND BRICK
23	603
# LOWER LEFT GROUND BRICK
24	604
# LOWER RIGHT GROUND BRICK
25	605
# QUESTION MARK BRICK 
26	606	613
# SOLID BRICK
27	607	
# WEAK BRICK
28	608	613
# LEFT UPPER WATER PIPE
29	609
# RIGHT UPPER WATER PIPE
30	610
# LEFT CENTER WATER PIPE
31	611
# RIGHT CENTER WATER PIPE
32	612
#BLUE BRICK
33	614
#FRAGMENT OF WEAK BRICK
34	623
#BOUNTY BUTTON
35	205	206
#BLACK PIPE VERTICAL
#CENTER PIPE LEFT
36	621
#CENTER PIPE RIGHT
37	622
#LOWER PIPE LEFT
38	624
#LOWER PIPE RIGHT
39	625
#NUMBER
40	650	651	652	653	654	655	656	657	658	659
#STATE
41	660	661
#STATE MAX
42	662	663
#NORMAL
43	664
#SQUARE MYSTERY PIECE
44	665	666	667
#MESSAGE MYSTERY PIECE
45	668	669	670
#EFFCT
46	671	672	673
#PIRANHA
47	709
#GOOMBA RED
48	711	712	715	713	714
# BRICK SCENCE 4
49	674
50	675
51	676
52	677
53	678
54	679
[OBJECTS]
# type	x	y	ani_set_id	extra_settings per object type
# type: 0 = Mario , 1 = Brick, 2 = Goomba, 3 = Koopas, 4 = Bounty Brick, 5=Hidden Object, 6=Fire Ball of Mario, 7=Fire Flower, 8=Fire Ball of Flower, 9=Bounty, 10=Coin, 11=Fragment, 12=Weak Brick, 13=Bounty Button, 14=Special Brick, 15=Mystery Piece
# MARIO
0	17	-128	1
# HIDDEN OBJECT
5	0	-80	0	160	80
5	1920	-32	0	128	32
#brick
1	1968	-64	49
1	1984	-64	50
1	2000	-64	51
1	1968	-48	52
1	1984	-48	53
1	2000	-48	54
#brick 2
1	2064	-16	22
1	2080	-16	20
1	2096	-16	20
1	2112	-16	20
1	2128	-16	20
1	2144	-16	20
1	2160	-16	20
1	2176	-16	20
1	2192	-16	20
1	2208	-16	20
1	2224	-16	20
1	2240	-16	20
1	2256	-16	20
1	2272	-16	20
1	2288	-16	20
1	2304	-16	20
1	2320	-16	20
1	2336	-16	20
1	2352	-16	20
1	2368	-16	20
1	2384	-16	20
1	2400	-16	20
1	2416	-16	20
1	2432	-16	20
1	2448	-16	20
1	2464	-16	20
1	2480	-16	20
1	2496	-16	20
1	2512	-16	20
1	2528	-16	20
1	2544	-16	20
1	2560	-16	23
1	2576	-16	20
1	2592	-16	20
1	2608	-16	20
#solid brick
1	2032	-48	27
1	2032	-64	27
1	2032	-80	27
1	2032	-96	27
1	2032	-112	27
1	2032	-128	27
1	2032	-144	27
1	2032	-160	27
1	2032	-176	27
1	2032	-192	27
#solid brick
1	2048	-48	27
1	2048	-64	27
1	2048	-80	27
1	2048	-96	27
1	2048	-112	27
1	2048	-128	27
1	2048	-144	27
1	2048	-160	27
1	2048	-176	27
1	2048	-192	27
#bounty brick
4	640	-144	28	1
4	960	-80	28	1			
4	1008	-80	28	10
4	1232	-144	28	1
4	1536	-144	28	10
# BOUNTY
9	640	-144	7	
9	960	-80	7				
9	1012	-80	7	
9	1232	-144	7	
9	1540	-144	7	
#weak brick 1
12	224	-80	28
12	240	-80	28
12	256	-80	28
12	272	-80	28
#weak brick 2
12	384	-96	28
12	400	-96	28
12	416	-96	28
12	432	-96	28
12	448	-96	28
#weak brick 3
12	608	-144	28
12	624	-144	28
12	656	-144	28

12	640	-64	28
12	656	-64	28
#weak brick 4
12	752	-64	28
12	768	-64	28
12	784	-64	28
12	800	-64	28
12	752	-80	28
12	752	-112	28
#weak brick 5
12	864	-48	28
12	880	-48	28
12	896	-48	28
12	864	-64	28
12	864	-80	28
12	864	-96	28
#weak brick 6
12	944	-80	28

12	1024	-80	28
12	1040	-80	28
12	1056	-80	28
12	1072	-80	28
12	944	-96	28
12	960	-32	28
12	976	-32	28
12	992	-32	28
12	1008	-32	28

#weak brick 7
12	1168	-48	28
12	1184	-48	28
12	1200	-48	28
12	1216	-48	28			
12	1264	-64	28
12	1280	-64	28
12	1184	-128	28
12	1200	-128	28
12	1216	-128	28
12	1232	-128	28

#weak brick 8
12	1392	-128	28
12	1408	-128	28
12	1424	-128	28
#weak brick 9

12	1536	-128	28
12	1536	-64	28
12	1536	-48	28
12	1536	-32	28
12	1552	-32	28
12	1568	-32	28
12	1584	-32	28
#weak brick 10
12	1728	-144	28
12	1728	-128	28
12	1728	-112	28
12	1776	-64	28
12	1792	-64	28
12	1808	-64	28
#fragment of weak brick
11	224	-80	34	0
11	232	-80	34	0
11	224	-72	34	0
11	232	-72	34	0

11	240	-80	34	1
11	248	-80	34	1
11	240	-72	34	1
11	248	-72	34	1

11	256	-80	34	2
11	264	-80	34	2
11	256	-72	34	2
11	264	-72	34	2

11	272	-80	34	3
11	280	-80	34	3
11	272	-72	34	3
11	280	-72	34	3

11	384	-96	34	4
11	392	-96	34	4
11	384	-88	34	4
11	392	-88	34	4

11	400	-96	34	5
11	408	-96	34	5
11	400	-88	34	5
11	408	-88	34	5

11	416	-96	34	6
11	424	-96	34	6
11	416	-88	34	6
11	424	-88	34	6

11	432	-96	34	7
11	440	-96	34	7
11	432	-88	34	7
11	440	-88	34	7

11	448	-96	34	8
11	456	-96	34	8
11	448	-88	34	8
11	456	-88	34	8

11	608	-144	34	9
11	616	-144	34	9
11	608	-136	34	9
11	616	-136	34	9

11	624	-144	34	10
11	632	-144	34	10
11	624	-136	34	10
11	632	-136	34	10

11	656	-144	34	11
11	664	-144	34	11
11	656	-136	34	11
11	664	-136	34	11

11	640	-64	34	12
11	648	-64	34	12
11	640	-56	34	12
11	648	-56	34	12

11	656	-64	34	13
11	664	-64	34	13
11	656	-56	34	13
11	664	-56	34	13

11	752	-64	34	14
11	760	-64	34	14
11	752	-56	34	14
11	760	-56	34	14

11	768	-64	34	15
11	776	-64	34	15
11	768	-56	34	15
11	776	-56	34	15

11	784	-64	34	16
11	792	-64	34	16
11	784	-56	34	16
11	792	-56	34	16

11	800	-64	34	17
11	808	-64	34	17
11	800	-56	34	17
11	808	-56	34	17

11	752	-80	34	18
11	760	-80	34	18
11	752	-72	34	18
11	760	-72	34	18

11	752	-112	34	19
11	760	-112	34	19
11	752	-104	34	19
11	760	-104	34	19

11	864	-48	34	20
11	872	-48	34	20
11	864	-40	34	20
11	872	-40	34	20

11	880	-48	34	21
11	888	-48	34	21
11	880	-40	34	21
11	888	-40	34	21

11	896	-48	34	22
11	904	-48	34	22
11	896	-40	34	22
11	904	-40	34	22

11	864	-64	34	23
11	872	-64	34	23
11	864	-56	34	23
11	872	-56	34	23

11	864	-80	34	24
11	872	-80	34	24
11	864	-72	34	24
11	872	-72	34	24

11	864	-96	34	25
11	872	-96	34	25
11	864	-88	34	25
11	872	-88	34	25

11	944	-80	34	26
11	952	-80	34	26
11	944	-72	34	26
11	952	-72	34	26

11	1024	-80	34	27
11	1032	-80	34	27
11	1024	-72	34	27
11	1032	-72	34	27

11	1040	-80	34	28
11	1048	-80	34	28
11	1040	-72	34	28
11	1048	-72	34	28

11	1056	-80	34	29
11	1064	-80	34	29
11	1056	-72	34	29
11	1064	-72	34	29

11	1072	-80	34	30
11	1080	-80	34	30
11	1072	-72	34	30
11	1080	-72	34	30

11	944	-96	34	31
11	952	-96	34	31
11	944	-88	34	31
11	952	-88	34	31

11	960	-32	34	32
11	968	-32	34	32
11	960	-24	34	32
11	968	-24	34	32

11	976	-32	34	33
11	984	-32	34	33
11	976	-24	34	33
11	984	-24	34	33

11	992	-32	34	34
11	1000	-32	34	34
11	992	-24	34	34
11	1000	-24	34	34

11	1008	-32	34	35
11	1016	-32	34	35
11	1008	-24	34	35
11	1016	-24	34	35

11	1168	-48	34	36
11	1176	-48	34	36
11	1168	-40	34	36
11	1176	-40	34	36

11	1184	-48	34	37
11	1192	-48	34	37
11	1184	-40	34	37
11	1192	-40	34	37

11	1200	-48	34	38
11	1208	-48	34	38
11	1200	-40	34	38
11	1208	-40	34	38

11	1216	-48	34	39
11	1224	-48	34	39
11	1216	-40	34	39
11	1224	-40	34	39

11	1264	-64	34	40
11	1272	-64	34	40
11	1264	-56	34	40
11	1272	-56	34	40

11	1280	-64	34	41
11	1288	-64	34	41
11	1280	-56	34	41
11	1288	-56	34	41

11	1184	-128	34	42
11	1192	-128	34	42
11	1184	-120	34	42
11	1192	-120	34	42

11	1200	-128	34	43
11	1208	-128	34	43
11	1200	-120	34	43
11	1208	-120	34	43

11	1216	-128	34	44
11	1224	-128	34	44
11	1216	-120	34	44
11	1224	-120	34	44

11	1232	-128	34	45
11	1240	-128	34	45
11	1232	-120	34	45
11	1240	-120	34	45

11	1392	-128	34	46
11	1400	-128	34	46
11	1392	-120	34	46
11	1400	-120	34	46

11	1408	-128	34	47
11	1416	-128	34	47
11	1408	-120	34	47
11	1416	-120	34	47

11	1424	-128	34	48
11	1432	-128	34	48
11	1424	-120	34	48
11	1432	-120	34	48

11	1536	-128	34	49
11	1544	-128	34	49
11	1536	-120	34	49
11	1544	-120	34	49

11	1536	-64	34	50
11	1544	-64	34	50
11	1536	-56	34	50
11	1544	-56	34	50

11	1536	-48	34	51
11	1544	-48	34	51
11	1536	-40	34	51
11	1544	-40	34	51

11	1536	-32	34	52
11	1544	-32	34	52
11	1536	-24	34	52
11	1544	-24	34	52

11	1552	-32	34	53
11	1560	-32	34	53
11	1552	-24	34	53
11	1560	-24	34	53

11	1568	-32	34	54
11	1576	-32	34	54
11	1568	-24	34	54
11	1576	-24	34	54

11	1584	-32	34	55
11	1592	-32	34	55
11	1584	-24	34	55
11	1592	-24	34	55

11	1728	-144	34	56
11	1736	-144	34	56
11	1728	-136	34	56
11	1736	-136	34	56

11	1728	-128	34	57
11	1736	-128	34	57
11	1728	-120	34	57
11	1736	-120	34	57

11	1728	-112	34	58
11	1736	-112	34	58
11	1728	-104	34	58
11	1736	-104	34	58

11	1776	-64	34	59
11	1784	-64	34	59
11	1776	-56	34	59
11	1784	-56	34	59

11	1792	-64	34	60
11	1800	-64	34	60
11	1792	-56	34	60
11	1800	-56	34	60

11	1808	-64	34	61
11	1816	-64	34	61
11	1808	-56	34	61
11	1816	-56	34	61

#coin 1
10	336	-128	8	-1
10	352	-128	8	-1
10	368	-128	8	-1
10	416	-160	8	-1
10	432	-160	8	-1
10	448	-160	8	-1
#coin 2
10	768	-128	8	-1
10	784	-128	8	-1
10	800	-128	8	-1
10	832	-160	8	-1
10	848	-160	8	-1
10	864	-160	8	-1
#coin 3
10	1328	-144	8	-1
10	1344	-144	8	-1
10	1360	-144	8	-1
#coin 4
10	1504	-160	8	-1
10	1504	-144	8	-1
10	1504	-128	8	-1
10	1504	-112	8	-1
10	1504	-96	8	-1
10	1504	-80	8	-1
10	1504	-64	8	-1
10	1504	-48	8	-1
#coin 5
10	1888	-128	8	-1
10	1904	-128	8	-1
10	1920	-128	8	-1
#PIPE 1
1	1936	-48	31
1	1952	-48	32			
1	1936	-64	31
1	1952	-64	32
1	1936	-80	31
1	1952	-80	32
1	1936	-96	29
1	1952	-96	30
#PIPE 2
1	2192	-32	31
1	2208	-32	32
1	2192	-48	29
1	2208	-48	30
#KOOPAS
3	1984	-96	4	0
3	1040	-112	4	0
#Portal
50	2592	-196	0	2608	-16	1
#------Mystery piece --------
15	2440	-104	44
15	0	96	44
15	0	112	44
15	0	128	44
#-----Message--------
16	2336	-208	45
#HIDDEN DOOR
17	1936	-112	0	32	16	0
#AUTO DOOR
18	1936	-64	0	32	32	2192	-96
[EFFECT]
10	48	48	46
[TERRAINS]
0	-80	50016
1920	-32	50017
#Big plant
2112	-32	50000
2128	-32	50005
2144	-32	50003
2160	-32	50004
2128	-48	50002
2144	-48	50006
2160	-48	50001
2128	-64	50000
2144	-64	50001
#GRASS 1
64	-96	50007
80	-96	50007
96	-96	50007
112	-96	50007
128	-96	50007
#GRASS 2
2080	-32	50007
2096	-32	50007
#SHADOW
2240	-32	60006
2240	-48	60006
2240	-64	60006
2240	-80	60006
2240	-96	60006
2240	-112	60006
2240	-128	60006
2240	-144	60006
2240	-160	60006
2240	-176	60006
2240	-192	60006
2240	-208	60006
2240	-224	60006
2240	-240	60006
2240	-256	60006
2240	-272	60006
2240	-288	60006
2240	-304	60006
2240	-320	60006
2240	-336	60006
2240	-352	60006
2240	-368	60006
2240	-384	60006
2240	-400	60006
2240	-416	60006
2240	-432	60006
2256	-32	60007
2256	-48	60007
2256	-64	60007
2256	-80	60007
2256	-96	60007
2256	-112	60007
2256	-128	60007
2256	-144	60007
2256	-160	60007
2256	-176	60007
2256	-192	60007
2256	-208	60007
2256	-224	60007
2256	-240	60007
2256	-256	60007
2256	-272	60007
2256	-288	60007
2256	-304	60007
2256	-320	60007
2256	-336	60007
2256	-352	60007
2256	-368	60007
2256	-384	60007
2256	-400	60007
2256	-416	60007
2256	-432	60007
2272	-32	60007
2272	-48	60007
2272	-64	60007
2272	-80	60007
2272	-96	60007
2272	-112	60007
2272	-128	60007
2272	-144	60007
2272	-160	60007
2272	-176	60007
2272	-192	60007
2272	-208	60007
2272	-224	60007
2272	-240	60007
2272	-256	60007
2272	-272	60007
2272	-288	60007
2272	-304	60007
2272	-320	60007
2272	-336	60007
2272	-352	60007
2272	-368	60007
2272	-384	60007
2272	-400	60007
2272	-416	60007
2272	-432	60007
2288	-32	60007
2288	-48	60007
2288	-64	60007
2288	-80	60007
2288	-96	60007
2288	-112	60007
2288	-128	60007
2288	-144	60007
2288	-160	60007
2288	-176	60007
2288	-192	60007
2288	-208	60007
2288	-224	60007
2288	-240	60007
2288	-256	60007
2288	-272	60007
2288	-288	60007
2288	-304	60007
2288	-320	60007
2288	-336	60007
2288	-352	60007
2288	-368	60007
2288	-384	60007
2288	-400	60007
2288	-416	60007
2288	-432	60007
2304	-32	60007
2304	-48	60007
2304	-64	60007
2304	-80	60007
2304	-96	60007
2304	-112	60007
2304	-128	60007
2304	-144	60007
2304	-160	60007
2304	-176	60007
2304	-192	60007
2304	-208	60007
2304	-224	60007
2304	-240	60007
2304	-256	60007
2304	-272	60007
2304	-288	60007
2304	-304	60007
2304	-320	60007
2304	-336	60007
2304	-352	60007
2304	-368	60007
2304	-384	60007
2304	-400	60007
2304	-416	60007
2304	-432	60007
2320	-32	60007
2320	-48	60007
2320	-64	60007
2320	-80	60007
2320	-96	60007
2320	-112	60007
2320	-128	60007
2320	-144	60007
2320	-160	60007
2320	-176	60007
2320	-192	60007
2320	-208	60007
2320	-224	60007
2320	-240	60007
2320	-256	60007
2320	-272	60007
2320	-288	60007
2320	-304	60007
2320	-320	60007
2320	-336	60007
2320	-352	60007
2320	-368	60007
2320	-384	60007
2320	-400	60007
2320	-416	60007
2320	-432	60007
2336	-32	50008
2336	-48	60007
2336	-64	60007
2336	-80	60007
2336	-96	60007
2336	-112	60007
2336	-128	60007
2336	-144	60007
2336	-160	60007
2336	-176	60007
2336	-192	60007
2336	-208	60007
2336	-224	60007
2336	-240	60007
2336	-256	60007
2336	-272	60007
2336	-288	60007
2336	-304	60007
2336	-320	60007
2336	-336	60007
2336	-352	60007
2336	-368	60007
2336	-384	60007
2336	-400	60007
2336	-416	60007
2336	-432	60007
2352	-32	50009
2352	-48	50010
2352	-64	50010
2352	-80	50010
2352	-96	50010
2352	-112	50008
2352	-128	60007
2352	-144	60007
2352	-160	60007
2352	-176	60007
2352	-192	60007
2352	-208	60007
2352	-224	60007
2352	-240	60007
2352	-256	60007
2352	-272	60007
2352	-288	60007
2352	-304	60007
2352	-320	60007
2352	-336	60007
2352	-352	60007
2352	-368	60007
2352	-384	60007
2352	-400	60007
2352	-416	60007
2352	-432	60007
2368	-32	60007
2368	-48	60007
2368	-64	60007
2368	-80	50008
2368	-96	50011
2368	-112	50009
2368	-128	60007
2368	-144	60007
2368	-160	60007
2368	-176	60007
2368	-192	60007
2368	-208	60007
2368	-224	60007
2368	-240	60007
2368	-256	60007
2368	-272	60007
2368	-288	60007
2368	-304	60007
2368	-320	60007
2368	-336	60007
2368	-352	60007
2368	-368	60007
2368	-384	60007
2368	-400	60007
2368	-416	60007
2368	-432	60007
2384	-32	60007
2384	-48	50008
2384	-64	50011
2384	-80	50009
2384	-96	60007
2384	-112	60007
2384	-128	60007
2384	-144	60007
2384	-160	60007
2384	-176	60007
2384	-192	60007
2384	-208	60007
2384	-224	60007
2384	-240	60007
2384	-256	60007
2384	-272	60007
2384	-288	60007
2384	-304	60007
2384	-320	60007
2384	-336	60007
2384	-352	60007
2384	-368	60007
2384	-384	60007
2384	-400	60007
2384	-416	60007
2384	-432	60007
2400	-32	50011
2400	-48	50009
2400	-64	60007
2400	-80	60007
2400	-96	60007
2400	-112	60007
2400	-128	60007
2400	-144	60007
2400	-160	60007
2400	-176	60007
2400	-192	60007
2400	-208	60007
2400	-224	60007
2400	-240	60007
2400	-256	60007
2400	-272	60007
2400	-288	60007
2400	-304	60007
2400	-320	60007
2400	-336	60007
2400	-352	60007
2400	-368	60007
2400	-384	60007
2400	-400	60007
2400	-416	60007
2400	-432	60007
2416	-32	60007
2416	-48	60007
2416	-64	60007
2416	-80	60007
2416	-96	60007
2416	-112	60007
2416	-128	60007
2416	-144	60007
2416	-160	60007
2416	-176	60007
2416	-192	60007
2416	-208	60007
2416	-224	60007
2416	-240	60007
2416	-256	60007
2416	-272	60007
2416	-288	60007
2416	-304	60007
2416	-320	60007
2416	-336	60007
2416	-352	60007
2416	-368	60007
2416	-384	60007
2416	-400	60007
2416	-416	60007
2416	-432	60007
2432	-32	60007
2432	-48	60007
2432	-64	60007
2432	-80	60007
2432	-96	50014
2432	-112	50012
2432	-128	60007
2432	-144	60007
2432	-160	60007
2432	-176	60007
2432	-192	60007
2432	-208	60007
2432	-224	60007
2432	-240	60007
2432	-256	60007
2432	-272	60007
2432	-288	60007
2432	-304	60007
2432	-320	60007
2432	-336	60007
2432	-352	60007
2432	-368	60007
2432	-384	60007
2432	-400	60007
2432	-416	60007
2432	-432	60007
2448	-32	60007
2448	-48	60007
2448	-64	60007
2448	-80	60007
2448	-96	50015
2448	-112	50013
2448	-128	60007
2448	-144	60007
2448	-160	60007
2448	-176	60007
2448	-192	60007
2448	-208	60007
2448	-224	60007
2448	-240	60007
2448	-256	60007
2448	-272	60007
2448	-288	60007
2448	-304	60007
2448	-320	60007
2448	-336	60007
2448	-352	60007
2448	-368	60007
2448	-384	60007
2448	-400	60007
2448	-416	60007
2448	-432	60007
2464	-32	60007
2464	-48	60007
2464	-64	60007
2464	-80	60007
2464	-96	60007
2464	-112	60007
2464	-128	60007
2464	-144	60007
2464	-160	60007
2464	-176	60007
2464	-192	60007
2464	-208	60007
2464	-224	60007
2464	-240	60007
2464	-256	60007
2464	-272	60007
2464	-288	60007
2464	-304	60007
2464	-320	60007
2464	-336	60007
2464	-352	60007
2464	-368	60007
2464	-384	60007
2464	-400	60007
2464	-416	60007
2464	-432	60007
2480	-32	60007
2480	-48	60007
2480	-64	60007
2480	-80	60007
2480	-96	60007
2480	-112	60007
2480	-128	60007
2480	-144	60007
2480	-160	60007
2480	-176	60007
2480	-192	60007
2480	-208	60007
2480	-224	60007
2480	-240	60007
2480	-256	60007
2480	-272	60007
2480	-288	60007
2480	-304	60007
2480	-320	60007
2480	-336	60007
2480	-352	60007
2480	-368	60007
2480	-384	60007
2480	-400	60007
2480	-416	60007
2480	-432	60007
2496	-32	60007
2496	-48	60007
2496	-64	60007
2496	-80	60007
2496	-96	60007
2496	-112	60007
2496	-128	60007
2496	-144	60007
2496	-160	60007
2496	-176	60007
2496	-192	60007
2496	-208	60007
2496	-224	60007
2496	-240	60007
2496	-256	60007
2496	-272	60007
2496	-288	60007
2496	-304	60007
2496	-320	60007
2496	-336	60007
2496	-352	60007
2496	-368	60007
2496	-384	60007
2496	-400	60007
2496	-416	60007
2496	-432	60007
2512	-32	50008
2512	-48	60007
2512	-64	60007
2512	-80	60007
2512	-96	60007
2512	-112	60007
2512	-128	60007
2512	-144	60007
2512	-160	60007
2512	-176	60007
2512	-192	60007
2512	-208	60007
2512	-224	60007
2512	-240	60007
2512	-256	60007
2512	-272	60007
2512	-288	60007
2512	-304	60007
2512	-320	60007
2512	-336	60007
2512	-352	60007
2512	-368	60007
2512	-384	60007
2512	-400	60007
2512	-416	60007
2512	-432	60007
2528	-32	50009
2528	-48	50010
2528	-64	50008
2528	-80	60007
2528	-96	60007
2528	-112	60007
2528	-128	60007
2528	-144	60007
2528	-160	60007
2528	-176	60007
2528	-192	60007
2528	-208	60007
2528	-224	60007
2528	-240	60007
2528	-256	60007
2528	-272	60007
2528	-288	60007
2528	-304	60007
2528	-320	60007
2528	-336	60007
2528	-352	60007
2528	-368	60007
2528	-384	60007
2528	-400	60007
2528	-416	60007
2528	-432	60007
2544	-32	50011
2544	-48	50011
2544	-64	50009
2544	-80	60007
2544	-96	60007
2544	-112	60007
2544	-128	60007
2544	-144	60007
2544	-160	60007
2544	-176	60007
2544	-192	60007
2544	-208	60007
2544	-224	60007
2544	-240	60007
2544	-256	60007
2544	-272	60007
2544	-288	60007
2544	-304	60007
2544	-320	60007
2544	-336	60007
2544	-352	60007
2544	-368	60007
2544	-384	60007
2544	-400	60007
2544	-416	60007
2544	-432	60007
2560	-32	60007
2560	-48	60007
2560	-64	60007
2560	-80	60007
2560	-96	60007
2560	-112	60007
2560	-128	60007
2560	-144	60007
2560	-160	60007
2560	-176	60007
2560	-192	60007
2560	-208	60007
2560	-224	60007
2560	-240	60007
2560	-256	60007
2560	-272	60007
2560	-288	60007
2560	-304	60007
2560	-320	60007
2560	-336	60007
2560	-352	60007
2560	-368	60007
2560	-384	60007
2560	-400	60007
2560	-416	60007
2560	-432	60007

[SCOREBOARD]
#ScoreBoard
0	22000
#Suare
1	23000
#BackGround Hud
3	24000
#FONT
#Background Font
2	4	15	0	43	-1
#World Number - 0
2	38	8	1	40	0
#Speed State - 1	
2	52	8	2	41	1
2	60	8	2	41	1
2	68	8	2	41	1
2	76	8	2	41	1
2	84	8	2	41	1
2	92	8	2	41	1
#Speed Max State - 2
2	102	8	3	42	2
#Number of Coins - 3
2	134	8	1	40	3
2	142	8	1	40	3
#Mario Life - 4
2	38	16	1	40	4
#Scores - 5
2	52	16	1	40	5
2	60	16	1	40	5
2	68	16	1	40	5
2	76	16	1	40	5
2	84	16	1	40	5
2	92	16	1	40	5
2	100	16	1	40	5
#Time - 6
2	126	16	1	40	6
2	134	16	1	40	6
2	142	16	1	40	6

